-1.500000000000000000e+00
2.350000000000000000e+01
-1.050000000000000000e+01
-3.500000000000000000e+00
9.500000000000000000e+00
-2.500000000000000000e+00
-1.250000000000000000e+01
-7.500000000000000000e+00
2.500000000000000000e+00
2.350000000000000000e+01
-5.000000000000000000e-01
-2.550000000000000000e+01
3.500000000000000000e+00
5.500000000000000000e+00
-1.050000000000000000e+01
-9.500000000000000000e+00
-2.550000000000000000e+01
1.500000000000000000e+00
-3.500000000000000000e+00
9.500000000000000000e+00
-4.500000000000000000e+00
-3.500000000000000000e+00
-1.500000000000000000e+00
1.500000000000000000e+00
2.500000000000000000e+00
4.500000000000000000e+00
-5.000000000000000000e-01
4.500000000000000000e+00
5.000000000000000000e-01
3.500000000000000000e+00
2.350000000000000000e+01
1.500000000000000000e+00
-4.500000000000000000e+00
-5.000000000000000000e-01
1.500000000000000000e+00
-2.500000000000000000e+00
-5.500000000000000000e+00
4.500000000000000000e+00
-1.500000000000000000e+00
-2.500000000000000000e+00
