         849        1421
         847        1422
         848        1422
         849        1422
         850        1422
         844        1423
         845        1423
         846        1423
         847        1423
         848        1423
         849        1423
         850        1423
         842        1424
         843        1424
         844        1424
         845        1424
         846        1424
         847        1424
         848        1424
         849        1424
         850        1424
         851        1424
         840        1425
         841        1425
         842        1425
         843        1425
         844        1425
         845        1425
         846        1425
         847        1425
         848        1425
         849        1425
         850        1425
         851        1425
         838        1426
         839        1426
         840        1426
         841        1426
         842        1426
         843        1426
         844        1426
         845        1426
         846        1426
         847        1426
         848        1426
         849        1426
         850        1426
         851        1426
         852        1426
         835        1427
         836        1427
         837        1427
         838        1427
         839        1427
         840        1427
         841        1427
         842        1427
         843        1427
         844        1427
         845        1427
         846        1427
         847        1427
         848        1427
         849        1427
         850        1427
         851        1427
         852        1427
         833        1428
         834        1428
         835        1428
         836        1428
         837        1428
         838        1428
         839        1428
         840        1428
         841        1428
         842        1428
         843        1428
         844        1428
         845        1428
         846        1428
         847        1428
         848        1428
         849        1428
         850        1428
         851        1428
         852        1428
         853        1428
         832        1429
         833        1429
         834        1429
         835        1429
         836        1429
         837        1429
         838        1429
         839        1429
         840        1429
         841        1429
         842        1429
         843        1429
         844        1429
         845        1429
         846        1429
         847        1429
         848        1429
         849        1429
         850        1429
         851        1429
         852        1429
         853        1429
         833        1430
         834        1430
         835        1430
         836        1430
         837        1430
         838        1430
         839        1430
         840        1430
         841        1430
         842        1430
         843        1430
         844        1430
         845        1430
         846        1430
         847        1430
         848        1430
         849        1430
         850        1430
         851        1430
         852        1430
         853        1430
         854        1430
         833        1431
         834        1431
         835        1431
         836        1431
         837        1431
         838        1431
         839        1431
         840        1431
         841        1431
         842        1431
         843        1431
         844        1431
         845        1431
         846        1431
         847        1431
         848        1431
         849        1431
         850        1431
         851        1431
         852        1431
         853        1431
         854        1431
         833        1432
         834        1432
         835        1432
         836        1432
         837        1432
         838        1432
         839        1432
         840        1432
         841        1432
         842        1432
         843        1432
         844        1432
         845        1432
         846        1432
         847        1432
         848        1432
         849        1432
         850        1432
         851        1432
         852        1432
         853        1432
         854        1432
         855        1432
         834        1433
         835        1433
         836        1433
         837        1433
         838        1433
         839        1433
         840        1433
         841        1433
         842        1433
         843        1433
         844        1433
         845        1433
         846        1433
         847        1433
         848        1433
         849        1433
         850        1433
         851        1433
         852        1433
         853        1433
         854        1433
         855        1433
         834        1434
         835        1434
         836        1434
         837        1434
         838        1434
         839        1434
         840        1434
         841        1434
         842        1434
         843        1434
         844        1434
         845        1434
         846        1434
         847        1434
         848        1434
         849        1434
         850        1434
         851        1434
         852        1434
         853        1434
         854        1434
         855        1434
         856        1434
         835        1435
         836        1435
         837        1435
         838        1435
         839        1435
         840        1435
         841        1435
         842        1435
         843        1435
         844        1435
         845        1435
         846        1435
         847        1435
         848        1435
         849        1435
         850        1435
         851        1435
         852        1435
         853        1435
         854        1435
         855        1435
         856        1435
         835        1436
         836        1436
         837        1436
         838        1436
         839        1436
         840        1436
         841        1436
         842        1436
         843        1436
         844        1436
         845        1436
         846        1436
         847        1436
         848        1436
         849        1436
         850        1436
         851        1436
         852        1436
         853        1436
         854        1436
         855        1436
         856        1436
         857        1436
         836        1437
         837        1437
         838        1437
         839        1437
         840        1437
         841        1437
         842        1437
         843        1437
         844        1437
         845        1437
         846        1437
         847        1437
         848        1437
         849        1437
         850        1437
         851        1437
         852        1437
         853        1437
         854        1437
         855        1437
         856        1437
         857        1437
         836        1438
         837        1438
         838        1438
         839        1438
         840        1438
         841        1438
         842        1438
         843        1438
         844        1438
         845        1438
         846        1438
         847        1438
         848        1438
         849        1438
         850        1438
         851        1438
         852        1438
         853        1438
         854        1438
         855        1438
         856        1438
         857        1438
         858        1438
         836        1439
         837        1439
         838        1439
         839        1439
         840        1439
         841        1439
         842        1439
         843        1439
         844        1439
         845        1439
         846        1439
         847        1439
         848        1439
         849        1439
         850        1439
         851        1439
         852        1439
         853        1439
         854        1439
         855        1439
         856        1439
         857        1439
         837        1440
         838        1440
         839        1440
         840        1440
         841        1440
         842        1440
         843        1440
         844        1440
         845        1440
         846        1440
         847        1440
         848        1440
         849        1440
         850        1440
         851        1440
         852        1440
         853        1440
         854        1440
         855        1440
         837        1441
         838        1441
         839        1441
         840        1441
         841        1441
         842        1441
         843        1441
         844        1441
         845        1441
         846        1441
         847        1441
         848        1441
         849        1441
         850        1441
         851        1441
         852        1441
         853        1441
         838        1442
         839        1442
         840        1442
         841        1442
         842        1442
         843        1442
         844        1442
         845        1442
         846        1442
         847        1442
         848        1442
         849        1442
         850        1442
         851        1442
         838        1443
         839        1443
         840        1443
         841        1443
         842        1443
         843        1443
         844        1443
         845        1443
         846        1443
         847        1443
         848        1443
         849        1443
         839        1444
         840        1444
         841        1444
         842        1444
         843        1444
         844        1444
         845        1444
         846        1444
         839        1445
         840        1445
         841        1445
         842        1445
         843        1445
         844        1445
         839        1446
         840        1446
         841        1446
         842        1446
         840        1447
         841        1403
         839        1404
         840        1404
         841        1404
         842        1404
         836        1405
         837        1405
         838        1405
         839        1405
         840        1405
         841        1405
         842        1405
         834        1406
         835        1406
         836        1406
         837        1406
         838        1406
         839        1406
         840        1406
         841        1406
         842        1406
         843        1406
         832        1407
         833        1407
         834        1407
         835        1407
         836        1407
         837        1407
         838        1407
         839        1407
         840        1407
         841        1407
         842        1407
         843        1407
         830        1408
         831        1408
         832        1408
         833        1408
         834        1408
         835        1408
         836        1408
         837        1408
         838        1408
         839        1408
         840        1408
         841        1408
         842        1408
         843        1408
         827        1409
         828        1409
         829        1409
         830        1409
         831        1409
         832        1409
         833        1409
         834        1409
         835        1409
         836        1409
         837        1409
         838        1409
         839        1409
         840        1409
         841        1409
         842        1409
         843        1409
         844        1409
         825        1410
         826        1410
         827        1410
         828        1410
         829        1410
         830        1410
         831        1410
         832        1410
         833        1410
         834        1410
         835        1410
         836        1410
         837        1410
         838        1410
         839        1410
         840        1410
         841        1410
         842        1410
         843        1410
         844        1410
         824        1411
         825        1411
         826        1411
         827        1411
         828        1411
         829        1411
         830        1411
         831        1411
         832        1411
         833        1411
         834        1411
         835        1411
         836        1411
         837        1411
         838        1411
         839        1411
         840        1411
         841        1411
         842        1411
         843        1411
         844        1411
         845        1411
         825        1412
         826        1412
         827        1412
         828        1412
         829        1412
         830        1412
         831        1412
         832        1412
         833        1412
         834        1412
         835        1412
         836        1412
         837        1412
         838        1412
         839        1412
         840        1412
         841        1412
         842        1412
         843        1412
         844        1412
         845        1412
         825        1413
         826        1413
         827        1413
         828        1413
         829        1413
         830        1413
         831        1413
         832        1413
         833        1413
         834        1413
         835        1413
         836        1413
         837        1413
         838        1413
         839        1413
         840        1413
         841        1413
         842        1413
         843        1413
         844        1413
         845        1413
         846        1413
         826        1414
         827        1414
         828        1414
         829        1414
         830        1414
         831        1414
         832        1414
         833        1414
         834        1414
         835        1414
         836        1414
         837        1414
         838        1414
         839        1414
         840        1414
         841        1414
         842        1414
         843        1414
         844        1414
         845        1414
         846        1414
         826        1415
         827        1415
         828        1415
         829        1415
         830        1415
         831        1415
         832        1415
         833        1415
         834        1415
         835        1415
         836        1415
         837        1415
         838        1415
         839        1415
         840        1415
         841        1415
         842        1415
         843        1415
         844        1415
         845        1415
         846        1415
         847        1415
         826        1416
         827        1416
         828        1416
         829        1416
         830        1416
         831        1416
         832        1416
         833        1416
         834        1416
         835        1416
         836        1416
         837        1416
         838        1416
         839        1416
         840        1416
         841        1416
         842        1416
         843        1416
         844        1416
         845        1416
         846        1416
         847        1416
         827        1417
         828        1417
         829        1417
         830        1417
         831        1417
         832        1417
         833        1417
         834        1417
         835        1417
         836        1417
         837        1417
         838        1417
         839        1417
         840        1417
         841        1417
         842        1417
         843        1417
         844        1417
         845        1417
         846        1417
         847        1417
         827        1418
         828        1418
         829        1418
         830        1418
         831        1418
         832        1418
         833        1418
         834        1418
         835        1418
         836        1418
         837        1418
         838        1418
         839        1418
         840        1418
         841        1418
         842        1418
         843        1418
         844        1418
         845        1418
         846        1418
         847        1418
         848        1418
         828        1419
         829        1419
         830        1419
         831        1419
         832        1419
         833        1419
         834        1419
         835        1419
         836        1419
         837        1419
         838        1419
         839        1419
         840        1419
         841        1419
         842        1419
         843        1419
         844        1419
         845        1419
         846        1419
         847        1419
         848        1419
         828        1420
         829        1420
         830        1420
         831        1420
         832        1420
         833        1420
         834        1420
         835        1420
         836        1420
         837        1420
         838        1420
         839        1420
         840        1420
         841        1420
         842        1420
         843        1420
         844        1420
         845        1420
         846        1420
         847        1420
         848        1420
         849        1420
         829        1421
         830        1421
         831        1421
         832        1421
         833        1421
         834        1421
         835        1421
         836        1421
         837        1421
         838        1421
         839        1421
         840        1421
         841        1421
         842        1421
         843        1421
         844        1421
         845        1421
         846        1421
         847        1421
         848        1421
         829        1422
         830        1422
         831        1422
         832        1422
         833        1422
         834        1422
         835        1422
         836        1422
         837        1422
         838        1422
         839        1422
         840        1422
         841        1422
         842        1422
         843        1422
         844        1422
         845        1422
         846        1422
         830        1423
         831        1423
         832        1423
         833        1423
         834        1423
         835        1423
         836        1423
         837        1423
         838        1423
         839        1423
         840        1423
         841        1423
         842        1423
         843        1423
         830        1424
         831        1424
         832        1424
         833        1424
         834        1424
         835        1424
         836        1424
         837        1424
         838        1424
         839        1424
         840        1424
         841        1424
         830        1425
         831        1425
         832        1425
         833        1425
         834        1425
         835        1425
         836        1425
         837        1425
         838        1425
         839        1425
         831        1426
         832        1426
         833        1426
         834        1426
         835        1426
         836        1426
         837        1426
         831        1427
         832        1427
         833        1427
         834        1427
         832        1428
         868        1413
         865        1414
         866        1414
         867        1414
         868        1414
         869        1414
         863        1415
         864        1415
         865        1415
         866        1415
         867        1415
         868        1415
         869        1415
         861        1416
         862        1416
         863        1416
         864        1416
         865        1416
         866        1416
         867        1416
         868        1416
         869        1416
         870        1416
         858        1417
         859        1417
         860        1417
         861        1417
         862        1417
         863        1417
         864        1417
         865        1417
         866        1417
         867        1417
         868        1417
         869        1417
         870        1417
         856        1418
         857        1418
         858        1418
         859        1418
         860        1418
         861        1418
         862        1418
         863        1418
         864        1418
         865        1418
         866        1418
         867        1418
         868        1418
         869        1418
         870        1418
         854        1419
         855        1419
         856        1419
         857        1419
         858        1419
         859        1419
         860        1419
         861        1419
         862        1419
         863        1419
         864        1419
         865        1419
         866        1419
         867        1419
         868        1419
         869        1419
         870        1419
         871        1419
         851        1420
         852        1420
         853        1420
         854        1420
         855        1420
         856        1420
         857        1420
         858        1420
         859        1420
         860        1420
         861        1420
         862        1420
         863        1420
         864        1420
         865        1420
         866        1420
         867        1420
         868        1420
         869        1420
         870        1420
         871        1420
         850        1421
         851        1421
         852        1421
         853        1421
         854        1421
         855        1421
         856        1421
         857        1421
         858        1421
         859        1421
         860        1421
         861        1421
         862        1421
         863        1421
         864        1421
         865        1421
         866        1421
         867        1421
         868        1421
         869        1421
         870        1421
         871        1421
         872        1421
         851        1422
         852        1422
         853        1422
         854        1422
         855        1422
         856        1422
         857        1422
         858        1422
         859        1422
         860        1422
         861        1422
         862        1422
         863        1422
         864        1422
         865        1422
         866        1422
         867        1422
         868        1422
         869        1422
         870        1422
         871        1422
         872        1422
         851        1423
         852        1423
         853        1423
         854        1423
         855        1423
         856        1423
         857        1423
         858        1423
         859        1423
         860        1423
         861        1423
         862        1423
         863        1423
         864        1423
         865        1423
         866        1423
         867        1423
         868        1423
         869        1423
         870        1423
         871        1423
         872        1423
         873        1423
         852        1424
         853        1424
         854        1424
         855        1424
         856        1424
         857        1424
         858        1424
         859        1424
         860        1424
         861        1424
         862        1424
         863        1424
         864        1424
         865        1424
         866        1424
         867        1424
         868        1424
         869        1424
         870        1424
         871        1424
         872        1424
         873        1424
         852        1425
         853        1425
         854        1425
         855        1425
         856        1425
         857        1425
         858        1425
         859        1425
         860        1425
         861        1425
         862        1425
         863        1425
         864        1425
         865        1425
         866        1425
         867        1425
         868        1425
         869        1425
         870        1425
         871        1425
         872        1425
         873        1425
         874        1425
         853        1426
         854        1426
         855        1426
         856        1426
         857        1426
         858        1426
         859        1426
         860        1426
         861        1426
         862        1426
         863        1426
         864        1426
         865        1426
         866        1426
         867        1426
         868        1426
         869        1426
         870        1426
         871        1426
         872        1426
         873        1426
         874        1426
         853        1427
         854        1427
         855        1427
         856        1427
         857        1427
         858        1427
         859        1427
         860        1427
         861        1427
         862        1427
         863        1427
         864        1427
         865        1427
         866        1427
         867        1427
         868        1427
         869        1427
         870        1427
         871        1427
         872        1427
         873        1427
         874        1427
         854        1428
         855        1428
         856        1428
         857        1428
         858        1428
         859        1428
         860        1428
         861        1428
         862        1428
         863        1428
         864        1428
         865        1428
         866        1428
         867        1428
         868        1428
         869        1428
         870        1428
         871        1428
         872        1428
         873        1428
         874        1428
         875        1428
         854        1429
         855        1429
         856        1429
         857        1429
         858        1429
         859        1429
         860        1429
         861        1429
         862        1429
         863        1429
         864        1429
         865        1429
         866        1429
         867        1429
         868        1429
         869        1429
         870        1429
         871        1429
         872        1429
         873        1429
         874        1429
         875        1429
         855        1430
         856        1430
         857        1430
         858        1430
         859        1430
         860        1430
         861        1430
         862        1430
         863        1430
         864        1430
         865        1430
         866        1430
         867        1430
         868        1430
         869        1430
         870        1430
         871        1430
         872        1430
         873        1430
         874        1430
         875        1430
         876        1430
         855        1431
         856        1431
         857        1431
         858        1431
         859        1431
         860        1431
         861        1431
         862        1431
         863        1431
         864        1431
         865        1431
         866        1431
         867        1431
         868        1431
         869        1431
         870        1431
         871        1431
         872        1431
         873        1431
         874        1431
         875        1431
         856        1432
         857        1432
         858        1432
         859        1432
         860        1432
         861        1432
         862        1432
         863        1432
         864        1432
         865        1432
         866        1432
         867        1432
         868        1432
         869        1432
         870        1432
         871        1432
         872        1432
         873        1432
         856        1433
         857        1433
         858        1433
         859        1433
         860        1433
         861        1433
         862        1433
         863        1433
         864        1433
         865        1433
         866        1433
         867        1433
         868        1433
         869        1433
         870        1433
         857        1434
         858        1434
         859        1434
         860        1434
         861        1434
         862        1434
         863        1434
         864        1434
         865        1434
         866        1434
         867        1434
         868        1434
         857        1435
         858        1435
         859        1435
         860        1435
         861        1435
         862        1435
         863        1435
         864        1435
         865        1435
         866        1435
         858        1436
         859        1436
         860        1436
         861        1436
         862        1436
         863        1436
         864        1436
         858        1437
         859        1437
         860        1437
         861        1437
         859        1438
         860        1395
         857        1396
         858        1396
         859        1396
         860        1396
         861        1396
         855        1397
         856        1397
         857        1397
         858        1397
         859        1397
         860        1397
         861        1397
         853        1398
         854        1398
         855        1398
         856        1398
         857        1398
         858        1398
         859        1398
         860        1398
         861        1398
         862        1398
         850        1399
         851        1399
         852        1399
         853        1399
         854        1399
         855        1399
         856        1399
         857        1399
         858        1399
         859        1399
         860        1399
         861        1399
         862        1399
         848        1400
         849        1400
         850        1400
         851        1400
         852        1400
         853        1400
         854        1400
         855        1400
         856        1400
         857        1400
         858        1400
         859        1400
         860        1400
         861        1400
         862        1400
         846        1401
         847        1401
         848        1401
         849        1401
         850        1401
         851        1401
         852        1401
         853        1401
         854        1401
         855        1401
         856        1401
         857        1401
         858        1401
         859        1401
         860        1401
         861        1401
         862        1401
         863        1401
         843        1402
         844        1402
         845        1402
         846        1402
         847        1402
         848        1402
         849        1402
         850        1402
         851        1402
         852        1402
         853        1402
         854        1402
         855        1402
         856        1402
         857        1402
         858        1402
         859        1402
         860        1402
         861        1402
         862        1402
         863        1402
         842        1403
         843        1403
         844        1403
         845        1403
         846        1403
         847        1403
         848        1403
         849        1403
         850        1403
         851        1403
         852        1403
         853        1403
         854        1403
         855        1403
         856        1403
         857        1403
         858        1403
         859        1403
         860        1403
         861        1403
         862        1403
         863        1403
         864        1403
         843        1404
         844        1404
         845        1404
         846        1404
         847        1404
         848        1404
         849        1404
         850        1404
         851        1404
         852        1404
         853        1404
         854        1404
         855        1404
         856        1404
         857        1404
         858        1404
         859        1404
         860        1404
         861        1404
         862        1404
         863        1404
         864        1404
         843        1405
         844        1405
         845        1405
         846        1405
         847        1405
         848        1405
         849        1405
         850        1405
         851        1405
         852        1405
         853        1405
         854        1405
         855        1405
         856        1405
         857        1405
         858        1405
         859        1405
         860        1405
         861        1405
         862        1405
         863        1405
         864        1405
         865        1405
         844        1406
         845        1406
         846        1406
         847        1406
         848        1406
         849        1406
         850        1406
         851        1406
         852        1406
         853        1406
         854        1406
         855        1406
         856        1406
         857        1406
         858        1406
         859        1406
         860        1406
         861        1406
         862        1406
         863        1406
         864        1406
         865        1406
         844        1407
         845        1407
         846        1407
         847        1407
         848        1407
         849        1407
         850        1407
         851        1407
         852        1407
         853        1407
         854        1407
         855        1407
         856        1407
         857        1407
         858        1407
         859        1407
         860        1407
         861        1407
         862        1407
         863        1407
         864        1407
         865        1407
         866        1407
         844        1408
         845        1408
         846        1408
         847        1408
         848        1408
         849        1408
         850        1408
         851        1408
         852        1408
         853        1408
         854        1408
         855        1408
         856        1408
         857        1408
         858        1408
         859        1408
         860        1408
         861        1408
         862        1408
         863        1408
         864        1408
         865        1408
         866        1408
         845        1409
         846        1409
         847        1409
         848        1409
         849        1409
         850        1409
         851        1409
         852        1409
         853        1409
         854        1409
         855        1409
         856        1409
         857        1409
         858        1409
         859        1409
         860        1409
         861        1409
         862        1409
         863        1409
         864        1409
         865        1409
         866        1409
         845        1410
         846        1410
         847        1410
         848        1410
         849        1410
         850        1410
         851        1410
         852        1410
         853        1410
         854        1410
         855        1410
         856        1410
         857        1410
         858        1410
         859        1410
         860        1410
         861        1410
         862        1410
         863        1410
         864        1410
         865        1410
         866        1410
         867        1410
         846        1411
         847        1411
         848        1411
         849        1411
         850        1411
         851        1411
         852        1411
         853        1411
         854        1411
         855        1411
         856        1411
         857        1411
         858        1411
         859        1411
         860        1411
         861        1411
         862        1411
         863        1411
         864        1411
         865        1411
         866        1411
         867        1411
         846        1412
         847        1412
         848        1412
         849        1412
         850        1412
         851        1412
         852        1412
         853        1412
         854        1412
         855        1412
         856        1412
         857        1412
         858        1412
         859        1412
         860        1412
         861        1412
         862        1412
         863        1412
         864        1412
         865        1412
         866        1412
         867        1412
         868        1412
         847        1413
         848        1413
         849        1413
         850        1413
         851        1413
         852        1413
         853        1413
         854        1413
         855        1413
         856        1413
         857        1413
         858        1413
         859        1413
         860        1413
         861        1413
         862        1413
         863        1413
         864        1413
         865        1413
         866        1413
         867        1413
         847        1414
         848        1414
         849        1414
         850        1414
         851        1414
         852        1414
         853        1414
         854        1414
         855        1414
         856        1414
         857        1414
         858        1414
         859        1414
         860        1414
         861        1414
         862        1414
         863        1414
         864        1414
         848        1415
         849        1415
         850        1415
         851        1415
         852        1415
         853        1415
         854        1415
         855        1415
         856        1415
         857        1415
         858        1415
         859        1415
         860        1415
         861        1415
         862        1415
         848        1416
         849        1416
         850        1416
         851        1416
         852        1416
         853        1416
         854        1416
         855        1416
         856        1416
         857        1416
         858        1416
         859        1416
         860        1416
         848        1417
         849        1417
         850        1417
         851        1417
         852        1417
         853        1417
         854        1417
         855        1417
         856        1417
         857        1417
         849        1418
         850        1418
         851        1418
         852        1418
         853        1418
         854        1418
         855        1418
         849        1419
         850        1419
         851        1419
         852        1419
         853        1419
         850        1420
