         659        1437
         657        1438
         658        1438
         659        1438
         660        1438
         654        1439
         655        1439
         656        1439
         657        1439
         658        1439
         659        1439
         660        1439
         652        1440
         653        1440
         654        1440
         655        1440
         656        1440
         657        1440
         658        1440
         659        1440
         660        1440
         661        1440
         650        1441
         651        1441
         652        1441
         653        1441
         654        1441
         655        1441
         656        1441
         657        1441
         658        1441
         659        1441
         660        1441
         661        1441
         648        1442
         649        1442
         650        1442
         651        1442
         652        1442
         653        1442
         654        1442
         655        1442
         656        1442
         657        1442
         658        1442
         659        1442
         660        1442
         661        1442
         645        1443
         646        1443
         647        1443
         648        1443
         649        1443
         650        1443
         651        1443
         652        1443
         653        1443
         654        1443
         655        1443
         656        1443
         657        1443
         658        1443
         659        1443
         660        1443
         661        1443
         662        1443
         643        1444
         644        1444
         645        1444
         646        1444
         647        1444
         648        1444
         649        1444
         650        1444
         651        1444
         652        1444
         653        1444
         654        1444
         655        1444
         656        1444
         657        1444
         658        1444
         659        1444
         660        1444
         661        1444
         662        1444
         642        1445
         643        1445
         644        1445
         645        1445
         646        1445
         647        1445
         648        1445
         649        1445
         650        1445
         651        1445
         652        1445
         653        1445
         654        1445
         655        1445
         656        1445
         657        1445
         658        1445
         659        1445
         660        1445
         661        1445
         662        1445
         663        1445
         643        1446
         644        1446
         645        1446
         646        1446
         647        1446
         648        1446
         649        1446
         650        1446
         651        1446
         652        1446
         653        1446
         654        1446
         655        1446
         656        1446
         657        1446
         658        1446
         659        1446
         660        1446
         661        1446
         662        1446
         663        1446
         643        1447
         644        1447
         645        1447
         646        1447
         647        1447
         648        1447
         649        1447
         650        1447
         651        1447
         652        1447
         653        1447
         654        1447
         655        1447
         656        1447
         657        1447
         658        1447
         659        1447
         660        1447
         661        1447
         662        1447
         663        1447
         664        1447
         644        1448
         645        1448
         646        1448
         647        1448
         648        1448
         649        1448
         650        1448
         651        1448
         652        1448
         653        1448
         654        1448
         655        1448
         656        1448
         657        1448
         658        1448
         659        1448
         660        1448
         661        1448
         662        1448
         663        1448
         664        1448
         644        1449
         645        1449
         646        1449
         647        1449
         648        1449
         649        1449
         650        1449
         651        1449
         652        1449
         653        1449
         654        1449
         655        1449
         656        1449
         657        1449
         658        1449
         659        1449
         660        1449
         661        1449
         662        1449
         663        1449
         664        1449
         665        1449
         644        1450
         645        1450
         646        1450
         647        1450
         648        1450
         649        1450
         650        1450
         651        1450
         652        1450
         653        1450
         654        1450
         655        1450
         656        1450
         657        1450
         658        1450
         659        1450
         660        1450
         661        1450
         662        1450
         663        1450
         664        1450
         665        1450
         645        1451
         646        1451
         647        1451
         648        1451
         649        1451
         650        1451
         651        1451
         652        1451
         653        1451
         654        1451
         655        1451
         656        1451
         657        1451
         658        1451
         659        1451
         660        1451
         661        1451
         662        1451
         663        1451
         664        1451
         665        1451
         645        1452
         646        1452
         647        1452
         648        1452
         649        1452
         650        1452
         651        1452
         652        1452
         653        1452
         654        1452
         655        1452
         656        1452
         657        1452
         658        1452
         659        1452
         660        1452
         661        1452
         662        1452
         663        1452
         664        1452
         665        1452
         666        1452
         646        1453
         647        1453
         648        1453
         649        1453
         650        1453
         651        1453
         652        1453
         653        1453
         654        1453
         655        1453
         656        1453
         657        1453
         658        1453
         659        1453
         660        1453
         661        1453
         662        1453
         663        1453
         664        1453
         665        1453
         666        1453
         646        1454
         647        1454
         648        1454
         649        1454
         650        1454
         651        1454
         652        1454
         653        1454
         654        1454
         655        1454
         656        1454
         657        1454
         658        1454
         659        1454
         660        1454
         661        1454
         662        1454
         663        1454
         664        1454
         665        1454
         666        1454
         667        1454
         647        1455
         648        1455
         649        1455
         650        1455
         651        1455
         652        1455
         653        1455
         654        1455
         655        1455
         656        1455
         657        1455
         658        1455
         659        1455
         660        1455
         661        1455
         662        1455
         663        1455
         664        1455
         665        1455
         666        1455
         647        1456
         648        1456
         649        1456
         650        1456
         651        1456
         652        1456
         653        1456
         654        1456
         655        1456
         656        1456
         657        1456
         658        1456
         659        1456
         660        1456
         661        1456
         662        1456
         663        1456
         664        1456
         648        1457
         649        1457
         650        1457
         651        1457
         652        1457
         653        1457
         654        1457
         655        1457
         656        1457
         657        1457
         658        1457
         659        1457
         660        1457
         661        1457
         648        1458
         649        1458
         650        1458
         651        1458
         652        1458
         653        1458
         654        1458
         655        1458
         656        1458
         657        1458
         658        1458
         659        1458
         648        1459
         649        1459
         650        1459
         651        1459
         652        1459
         653        1459
         654        1459
         655        1459
         656        1459
         657        1459
         649        1460
         650        1460
         651        1460
         652        1460
         653        1460
         654        1460
         655        1460
         649        1461
         650        1461
         651        1461
         652        1461
         650        1462
         651        1418
         649        1419
         650        1419
         651        1419
         652        1419
         646        1420
         647        1420
         648        1420
         649        1420
         650        1420
         651        1420
         652        1420
         644        1421
         645        1421
         646        1421
         647        1421
         648        1421
         649        1421
         650        1421
         651        1421
         652        1421
         642        1422
         643        1422
         644        1422
         645        1422
         646        1422
         647        1422
         648        1422
         649        1422
         650        1422
         651        1422
         652        1422
         653        1422
         640        1423
         641        1423
         642        1423
         643        1423
         644        1423
         645        1423
         646        1423
         647        1423
         648        1423
         649        1423
         650        1423
         651        1423
         652        1423
         653        1423
         637        1424
         638        1424
         639        1424
         640        1424
         641        1424
         642        1424
         643        1424
         644        1424
         645        1424
         646        1424
         647        1424
         648        1424
         649        1424
         650        1424
         651        1424
         652        1424
         653        1424
         654        1424
         635        1425
         636        1425
         637        1425
         638        1425
         639        1425
         640        1425
         641        1425
         642        1425
         643        1425
         644        1425
         645        1425
         646        1425
         647        1425
         648        1425
         649        1425
         650        1425
         651        1425
         652        1425
         653        1425
         654        1425
         634        1426
         635        1426
         636        1426
         637        1426
         638        1426
         639        1426
         640        1426
         641        1426
         642        1426
         643        1426
         644        1426
         645        1426
         646        1426
         647        1426
         648        1426
         649        1426
         650        1426
         651        1426
         652        1426
         653        1426
         654        1426
         655        1426
         635        1427
         636        1427
         637        1427
         638        1427
         639        1427
         640        1427
         641        1427
         642        1427
         643        1427
         644        1427
         645        1427
         646        1427
         647        1427
         648        1427
         649        1427
         650        1427
         651        1427
         652        1427
         653        1427
         654        1427
         655        1427
         635        1428
         636        1428
         637        1428
         638        1428
         639        1428
         640        1428
         641        1428
         642        1428
         643        1428
         644        1428
         645        1428
         646        1428
         647        1428
         648        1428
         649        1428
         650        1428
         651        1428
         652        1428
         653        1428
         654        1428
         655        1428
         635        1429
         636        1429
         637        1429
         638        1429
         639        1429
         640        1429
         641        1429
         642        1429
         643        1429
         644        1429
         645        1429
         646        1429
         647        1429
         648        1429
         649        1429
         650        1429
         651        1429
         652        1429
         653        1429
         654        1429
         655        1429
         656        1429
         636        1430
         637        1430
         638        1430
         639        1430
         640        1430
         641        1430
         642        1430
         643        1430
         644        1430
         645        1430
         646        1430
         647        1430
         648        1430
         649        1430
         650        1430
         651        1430
         652        1430
         653        1430
         654        1430
         655        1430
         656        1430
         636        1431
         637        1431
         638        1431
         639        1431
         640        1431
         641        1431
         642        1431
         643        1431
         644        1431
         645        1431
         646        1431
         647        1431
         648        1431
         649        1431
         650        1431
         651        1431
         652        1431
         653        1431
         654        1431
         655        1431
         656        1431
         657        1431
         637        1432
         638        1432
         639        1432
         640        1432
         641        1432
         642        1432
         643        1432
         644        1432
         645        1432
         646        1432
         647        1432
         648        1432
         649        1432
         650        1432
         651        1432
         652        1432
         653        1432
         654        1432
         655        1432
         656        1432
         657        1432
         637        1433
         638        1433
         639        1433
         640        1433
         641        1433
         642        1433
         643        1433
         644        1433
         645        1433
         646        1433
         647        1433
         648        1433
         649        1433
         650        1433
         651        1433
         652        1433
         653        1433
         654        1433
         655        1433
         656        1433
         657        1433
         658        1433
         638        1434
         639        1434
         640        1434
         641        1434
         642        1434
         643        1434
         644        1434
         645        1434
         646        1434
         647        1434
         648        1434
         649        1434
         650        1434
         651        1434
         652        1434
         653        1434
         654        1434
         655        1434
         656        1434
         657        1434
         658        1434
         638        1435
         639        1435
         640        1435
         641        1435
         642        1435
         643        1435
         644        1435
         645        1435
         646        1435
         647        1435
         648        1435
         649        1435
         650        1435
         651        1435
         652        1435
         653        1435
         654        1435
         655        1435
         656        1435
         657        1435
         658        1435
         638        1436
         639        1436
         640        1436
         641        1436
         642        1436
         643        1436
         644        1436
         645        1436
         646        1436
         647        1436
         648        1436
         649        1436
         650        1436
         651        1436
         652        1436
         653        1436
         654        1436
         655        1436
         656        1436
         657        1436
         658        1436
         659        1436
         639        1437
         640        1437
         641        1437
         642        1437
         643        1437
         644        1437
         645        1437
         646        1437
         647        1437
         648        1437
         649        1437
         650        1437
         651        1437
         652        1437
         653        1437
         654        1437
         655        1437
         656        1437
         657        1437
         658        1437
         639        1438
         640        1438
         641        1438
         642        1438
         643        1438
         644        1438
         645        1438
         646        1438
         647        1438
         648        1438
         649        1438
         650        1438
         651        1438
         652        1438
         653        1438
         654        1438
         655        1438
         656        1438
         640        1439
         641        1439
         642        1439
         643        1439
         644        1439
         645        1439
         646        1439
         647        1439
         648        1439
         649        1439
         650        1439
         651        1439
         652        1439
         653        1439
         640        1440
         641        1440
         642        1440
         643        1440
         644        1440
         645        1440
         646        1440
         647        1440
         648        1440
         649        1440
         650        1440
         651        1440
         641        1441
         642        1441
         643        1441
         644        1441
         645        1441
         646        1441
         647        1441
         648        1441
         649        1441
         641        1442
         642        1442
         643        1442
         644        1442
         645        1442
         646        1442
         647        1442
         641        1443
         642        1443
         643        1443
         644        1443
         642        1444
         677        1429
         675        1430
         676        1430
         677        1430
         678        1430
         672        1431
         673        1431
         674        1431
         675        1431
         676        1431
         677        1431
         678        1431
         670        1432
         671        1432
         672        1432
         673        1432
         674        1432
         675        1432
         676        1432
         677        1432
         678        1432
         679        1432
         668        1433
         669        1433
         670        1433
         671        1433
         672        1433
         673        1433
         674        1433
         675        1433
         676        1433
         677        1433
         678        1433
         679        1433
         666        1434
         667        1434
         668        1434
         669        1434
         670        1434
         671        1434
         672        1434
         673        1434
         674        1434
         675        1434
         676        1434
         677        1434
         678        1434
         679        1434
         663        1435
         664        1435
         665        1435
         666        1435
         667        1435
         668        1435
         669        1435
         670        1435
         671        1435
         672        1435
         673        1435
         674        1435
         675        1435
         676        1435
         677        1435
         678        1435
         679        1435
         680        1435
         661        1436
         662        1436
         663        1436
         664        1436
         665        1436
         666        1436
         667        1436
         668        1436
         669        1436
         670        1436
         671        1436
         672        1436
         673        1436
         674        1436
         675        1436
         676        1436
         677        1436
         678        1436
         679        1436
         680        1436
         660        1437
         661        1437
         662        1437
         663        1437
         664        1437
         665        1437
         666        1437
         667        1437
         668        1437
         669        1437
         670        1437
         671        1437
         672        1437
         673        1437
         674        1437
         675        1437
         676        1437
         677        1437
         678        1437
         679        1437
         680        1437
         681        1437
         661        1438
         662        1438
         663        1438
         664        1438
         665        1438
         666        1438
         667        1438
         668        1438
         669        1438
         670        1438
         671        1438
         672        1438
         673        1438
         674        1438
         675        1438
         676        1438
         677        1438
         678        1438
         679        1438
         680        1438
         681        1438
         661        1439
         662        1439
         663        1439
         664        1439
         665        1439
         666        1439
         667        1439
         668        1439
         669        1439
         670        1439
         671        1439
         672        1439
         673        1439
         674        1439
         675        1439
         676        1439
         677        1439
         678        1439
         679        1439
         680        1439
         681        1439
         682        1439
         662        1440
         663        1440
         664        1440
         665        1440
         666        1440
         667        1440
         668        1440
         669        1440
         670        1440
         671        1440
         672        1440
         673        1440
         674        1440
         675        1440
         676        1440
         677        1440
         678        1440
         679        1440
         680        1440
         681        1440
         682        1440
         662        1441
         663        1441
         664        1441
         665        1441
         666        1441
         667        1441
         668        1441
         669        1441
         670        1441
         671        1441
         672        1441
         673        1441
         674        1441
         675        1441
         676        1441
         677        1441
         678        1441
         679        1441
         680        1441
         681        1441
         682        1441
         683        1441
         662        1442
         663        1442
         664        1442
         665        1442
         666        1442
         667        1442
         668        1442
         669        1442
         670        1442
         671        1442
         672        1442
         673        1442
         674        1442
         675        1442
         676        1442
         677        1442
         678        1442
         679        1442
         680        1442
         681        1442
         682        1442
         683        1442
         663        1443
         664        1443
         665        1443
         666        1443
         667        1443
         668        1443
         669        1443
         670        1443
         671        1443
         672        1443
         673        1443
         674        1443
         675        1443
         676        1443
         677        1443
         678        1443
         679        1443
         680        1443
         681        1443
         682        1443
         683        1443
         663        1444
         664        1444
         665        1444
         666        1444
         667        1444
         668        1444
         669        1444
         670        1444
         671        1444
         672        1444
         673        1444
         674        1444
         675        1444
         676        1444
         677        1444
         678        1444
         679        1444
         680        1444
         681        1444
         682        1444
         683        1444
         684        1444
         664        1445
         665        1445
         666        1445
         667        1445
         668        1445
         669        1445
         670        1445
         671        1445
         672        1445
         673        1445
         674        1445
         675        1445
         676        1445
         677        1445
         678        1445
         679        1445
         680        1445
         681        1445
         682        1445
         683        1445
         684        1445
         664        1446
         665        1446
         666        1446
         667        1446
         668        1446
         669        1446
         670        1446
         671        1446
         672        1446
         673        1446
         674        1446
         675        1446
         676        1446
         677        1446
         678        1446
         679        1446
         680        1446
         681        1446
         682        1446
         683        1446
         684        1446
         685        1446
         665        1447
         666        1447
         667        1447
         668        1447
         669        1447
         670        1447
         671        1447
         672        1447
         673        1447
         674        1447
         675        1447
         676        1447
         677        1447
         678        1447
         679        1447
         680        1447
         681        1447
         682        1447
         683        1447
         684        1447
         665        1448
         666        1448
         667        1448
         668        1448
         669        1448
         670        1448
         671        1448
         672        1448
         673        1448
         674        1448
         675        1448
         676        1448
         677        1448
         678        1448
         679        1448
         680        1448
         681        1448
         682        1448
         666        1449
         667        1449
         668        1449
         669        1449
         670        1449
         671        1449
         672        1449
         673        1449
         674        1449
         675        1449
         676        1449
         677        1449
         678        1449
         679        1449
         666        1450
         667        1450
         668        1450
         669        1450
         670        1450
         671        1450
         672        1450
         673        1450
         674        1450
         675        1450
         676        1450
         677        1450
         666        1451
         667        1451
         668        1451
         669        1451
         670        1451
         671        1451
         672        1451
         673        1451
         674        1451
         675        1451
         667        1452
         668        1452
         669        1452
         670        1452
         671        1452
         672        1452
         673        1452
         667        1453
         668        1453
         669        1453
         670        1453
         668        1454
         669        1410
         667        1411
         668        1411
         669        1411
         670        1411
         664        1412
         665        1412
         666        1412
         667        1412
         668        1412
         669        1412
         670        1412
         662        1413
         663        1413
         664        1413
         665        1413
         666        1413
         667        1413
         668        1413
         669        1413
         670        1413
         660        1414
         661        1414
         662        1414
         663        1414
         664        1414
         665        1414
         666        1414
         667        1414
         668        1414
         669        1414
         670        1414
         671        1414
         658        1415
         659        1415
         660        1415
         661        1415
         662        1415
         663        1415
         664        1415
         665        1415
         666        1415
         667        1415
         668        1415
         669        1415
         670        1415
         671        1415
         655        1416
         656        1416
         657        1416
         658        1416
         659        1416
         660        1416
         661        1416
         662        1416
         663        1416
         664        1416
         665        1416
         666        1416
         667        1416
         668        1416
         669        1416
         670        1416
         671        1416
         672        1416
         653        1417
         654        1417
         655        1417
         656        1417
         657        1417
         658        1417
         659        1417
         660        1417
         661        1417
         662        1417
         663        1417
         664        1417
         665        1417
         666        1417
         667        1417
         668        1417
         669        1417
         670        1417
         671        1417
         672        1417
         652        1418
         653        1418
         654        1418
         655        1418
         656        1418
         657        1418
         658        1418
         659        1418
         660        1418
         661        1418
         662        1418
         663        1418
         664        1418
         665        1418
         666        1418
         667        1418
         668        1418
         669        1418
         670        1418
         671        1418
         672        1418
         673        1418
         653        1419
         654        1419
         655        1419
         656        1419
         657        1419
         658        1419
         659        1419
         660        1419
         661        1419
         662        1419
         663        1419
         664        1419
         665        1419
         666        1419
         667        1419
         668        1419
         669        1419
         670        1419
         671        1419
         672        1419
         673        1419
         653        1420
         654        1420
         655        1420
         656        1420
         657        1420
         658        1420
         659        1420
         660        1420
         661        1420
         662        1420
         663        1420
         664        1420
         665        1420
         666        1420
         667        1420
         668        1420
         669        1420
         670        1420
         671        1420
         672        1420
         673        1420
         653        1421
         654        1421
         655        1421
         656        1421
         657        1421
         658        1421
         659        1421
         660        1421
         661        1421
         662        1421
         663        1421
         664        1421
         665        1421
         666        1421
         667        1421
         668        1421
         669        1421
         670        1421
         671        1421
         672        1421
         673        1421
         674        1421
         654        1422
         655        1422
         656        1422
         657        1422
         658        1422
         659        1422
         660        1422
         661        1422
         662        1422
         663        1422
         664        1422
         665        1422
         666        1422
         667        1422
         668        1422
         669        1422
         670        1422
         671        1422
         672        1422
         673        1422
         674        1422
         654        1423
         655        1423
         656        1423
         657        1423
         658        1423
         659        1423
         660        1423
         661        1423
         662        1423
         663        1423
         664        1423
         665        1423
         666        1423
         667        1423
         668        1423
         669        1423
         670        1423
         671        1423
         672        1423
         673        1423
         674        1423
         675        1423
         655        1424
         656        1424
         657        1424
         658        1424
         659        1424
         660        1424
         661        1424
         662        1424
         663        1424
         664        1424
         665        1424
         666        1424
         667        1424
         668        1424
         669        1424
         670        1424
         671        1424
         672        1424
         673        1424
         674        1424
         675        1424
         655        1425
         656        1425
         657        1425
         658        1425
         659        1425
         660        1425
         661        1425
         662        1425
         663        1425
         664        1425
         665        1425
         666        1425
         667        1425
         668        1425
         669        1425
         670        1425
         671        1425
         672        1425
         673        1425
         674        1425
         675        1425
         676        1425
         656        1426
         657        1426
         658        1426
         659        1426
         660        1426
         661        1426
         662        1426
         663        1426
         664        1426
         665        1426
         666        1426
         667        1426
         668        1426
         669        1426
         670        1426
         671        1426
         672        1426
         673        1426
         674        1426
         675        1426
         676        1426
         656        1427
         657        1427
         658        1427
         659        1427
         660        1427
         661        1427
         662        1427
         663        1427
         664        1427
         665        1427
         666        1427
         667        1427
         668        1427
         669        1427
         670        1427
         671        1427
         672        1427
         673        1427
         674        1427
         675        1427
         676        1427
         656        1428
         657        1428
         658        1428
         659        1428
         660        1428
         661        1428
         662        1428
         663        1428
         664        1428
         665        1428
         666        1428
         667        1428
         668        1428
         669        1428
         670        1428
         671        1428
         672        1428
         673        1428
         674        1428
         675        1428
         676        1428
         677        1428
         657        1429
         658        1429
         659        1429
         660        1429
         661        1429
         662        1429
         663        1429
         664        1429
         665        1429
         666        1429
         667        1429
         668        1429
         669        1429
         670        1429
         671        1429
         672        1429
         673        1429
         674        1429
         675        1429
         676        1429
         657        1430
         658        1430
         659        1430
         660        1430
         661        1430
         662        1430
         663        1430
         664        1430
         665        1430
         666        1430
         667        1430
         668        1430
         669        1430
         670        1430
         671        1430
         672        1430
         673        1430
         674        1430
         658        1431
         659        1431
         660        1431
         661        1431
         662        1431
         663        1431
         664        1431
         665        1431
         666        1431
         667        1431
         668        1431
         669        1431
         670        1431
         671        1431
         658        1432
         659        1432
         660        1432
         661        1432
         662        1432
         663        1432
         664        1432
         665        1432
         666        1432
         667        1432
         668        1432
         669        1432
         659        1433
         660        1433
         661        1433
         662        1433
         663        1433
         664        1433
         665        1433
         666        1433
         667        1433
         659        1434
         660        1434
         661        1434
         662        1434
         663        1434
         664        1434
         665        1434
         659        1435
         660        1435
         661        1435
         662        1435
         660        1436
