         881        1208
         878        1209
         879        1209
         880        1209
         881        1209
         882        1209
         876        1210
         877        1210
         878        1210
         879        1210
         880        1210
         881        1210
         882        1210
         874        1211
         875        1211
         876        1211
         877        1211
         878        1211
         879        1211
         880        1211
         881        1211
         882        1211
         883        1211
         871        1212
         872        1212
         873        1212
         874        1212
         875        1212
         876        1212
         877        1212
         878        1212
         879        1212
         880        1212
         881        1212
         882        1212
         883        1212
         869        1213
         870        1213
         871        1213
         872        1213
         873        1213
         874        1213
         875        1213
         876        1213
         877        1213
         878        1213
         879        1213
         880        1213
         881        1213
         882        1213
         883        1213
         867        1214
         868        1214
         869        1214
         870        1214
         871        1214
         872        1214
         873        1214
         874        1214
         875        1214
         876        1214
         877        1214
         878        1214
         879        1214
         880        1214
         881        1214
         882        1214
         883        1214
         884        1214
         864        1215
         865        1215
         866        1215
         867        1215
         868        1215
         869        1215
         870        1215
         871        1215
         872        1215
         873        1215
         874        1215
         875        1215
         876        1215
         877        1215
         878        1215
         879        1215
         880        1215
         881        1215
         882        1215
         883        1215
         884        1215
         863        1216
         864        1216
         865        1216
         866        1216
         867        1216
         868        1216
         869        1216
         870        1216
         871        1216
         872        1216
         873        1216
         874        1216
         875        1216
         876        1216
         877        1216
         878        1216
         879        1216
         880        1216
         881        1216
         882        1216
         883        1216
         884        1216
         885        1216
         864        1217
         865        1217
         866        1217
         867        1217
         868        1217
         869        1217
         870        1217
         871        1217
         872        1217
         873        1217
         874        1217
         875        1217
         876        1217
         877        1217
         878        1217
         879        1217
         880        1217
         881        1217
         882        1217
         883        1217
         884        1217
         885        1217
         864        1218
         865        1218
         866        1218
         867        1218
         868        1218
         869        1218
         870        1218
         871        1218
         872        1218
         873        1218
         874        1218
         875        1218
         876        1218
         877        1218
         878        1218
         879        1218
         880        1218
         881        1218
         882        1218
         883        1218
         884        1218
         885        1218
         886        1218
         865        1219
         866        1219
         867        1219
         868        1219
         869        1219
         870        1219
         871        1219
         872        1219
         873        1219
         874        1219
         875        1219
         876        1219
         877        1219
         878        1219
         879        1219
         880        1219
         881        1219
         882        1219
         883        1219
         884        1219
         885        1219
         886        1219
         865        1220
         866        1220
         867        1220
         868        1220
         869        1220
         870        1220
         871        1220
         872        1220
         873        1220
         874        1220
         875        1220
         876        1220
         877        1220
         878        1220
         879        1220
         880        1220
         881        1220
         882        1220
         883        1220
         884        1220
         885        1220
         886        1220
         887        1220
         866        1221
         867        1221
         868        1221
         869        1221
         870        1221
         871        1221
         872        1221
         873        1221
         874        1221
         875        1221
         876        1221
         877        1221
         878        1221
         879        1221
         880        1221
         881        1221
         882        1221
         883        1221
         884        1221
         885        1221
         886        1221
         887        1221
         866        1222
         867        1222
         868        1222
         869        1222
         870        1222
         871        1222
         872        1222
         873        1222
         874        1222
         875        1222
         876        1222
         877        1222
         878        1222
         879        1222
         880        1222
         881        1222
         882        1222
         883        1222
         884        1222
         885        1222
         886        1222
         887        1222
         867        1223
         868        1223
         869        1223
         870        1223
         871        1223
         872        1223
         873        1223
         874        1223
         875        1223
         876        1223
         877        1223
         878        1223
         879        1223
         880        1223
         881        1223
         882        1223
         883        1223
         884        1223
         885        1223
         886        1223
         887        1223
         888        1223
         867        1224
         868        1224
         869        1224
         870        1224
         871        1224
         872        1224
         873        1224
         874        1224
         875        1224
         876        1224
         877        1224
         878        1224
         879        1224
         880        1224
         881        1224
         882        1224
         883        1224
         884        1224
         885        1224
         886        1224
         887        1224
         888        1224
         868        1225
         869        1225
         870        1225
         871        1225
         872        1225
         873        1225
         874        1225
         875        1225
         876        1225
         877        1225
         878        1225
         879        1225
         880        1225
         881        1225
         882        1225
         883        1225
         884        1225
         885        1225
         886        1225
         887        1225
         888        1225
         889        1225
         868        1226
         869        1226
         870        1226
         871        1226
         872        1226
         873        1226
         874        1226
         875        1226
         876        1226
         877        1226
         878        1226
         879        1226
         880        1226
         881        1226
         882        1226
         883        1226
         884        1226
         885        1226
         886        1226
         887        1226
         888        1226
         869        1227
         870        1227
         871        1227
         872        1227
         873        1227
         874        1227
         875        1227
         876        1227
         877        1227
         878        1227
         879        1227
         880        1227
         881        1227
         882        1227
         883        1227
         884        1227
         885        1227
         886        1227
         869        1228
         870        1228
         871        1228
         872        1228
         873        1228
         874        1228
         875        1228
         876        1228
         877        1228
         878        1228
         879        1228
         880        1228
         881        1228
         882        1228
         883        1228
         870        1229
         871        1229
         872        1229
         873        1229
         874        1229
         875        1229
         876        1229
         877        1229
         878        1229
         879        1229
         880        1229
         881        1229
         870        1230
         871        1230
         872        1230
         873        1230
         874        1230
         875        1230
         876        1230
         877        1230
         878        1230
         879        1230
         871        1231
         872        1231
         873        1231
         874        1231
         875        1231
         876        1231
         877        1231
         871        1232
         872        1232
         873        1232
         874        1232
         872        1233
         872        1190
         870        1191
         871        1191
         872        1191
         873        1191
         867        1192
         868        1192
         869        1192
         870        1192
         871        1192
         872        1192
         873        1192
         865        1193
         866        1193
         867        1193
         868        1193
         869        1193
         870        1193
         871        1193
         872        1193
         873        1193
         874        1193
         863        1194
         864        1194
         865        1194
         866        1194
         867        1194
         868        1194
         869        1194
         870        1194
         871        1194
         872        1194
         873        1194
         874        1194
         861        1195
         862        1195
         863        1195
         864        1195
         865        1195
         866        1195
         867        1195
         868        1195
         869        1195
         870        1195
         871        1195
         872        1195
         873        1195
         874        1195
         875        1195
         858        1196
         859        1196
         860        1196
         861        1196
         862        1196
         863        1196
         864        1196
         865        1196
         866        1196
         867        1196
         868        1196
         869        1196
         870        1196
         871        1196
         872        1196
         873        1196
         874        1196
         875        1196
         856        1197
         857        1197
         858        1197
         859        1197
         860        1197
         861        1197
         862        1197
         863        1197
         864        1197
         865        1197
         866        1197
         867        1197
         868        1197
         869        1197
         870        1197
         871        1197
         872        1197
         873        1197
         874        1197
         875        1197
         876        1197
         855        1198
         856        1198
         857        1198
         858        1198
         859        1198
         860        1198
         861        1198
         862        1198
         863        1198
         864        1198
         865        1198
         866        1198
         867        1198
         868        1198
         869        1198
         870        1198
         871        1198
         872        1198
         873        1198
         874        1198
         875        1198
         876        1198
         856        1199
         857        1199
         858        1199
         859        1199
         860        1199
         861        1199
         862        1199
         863        1199
         864        1199
         865        1199
         866        1199
         867        1199
         868        1199
         869        1199
         870        1199
         871        1199
         872        1199
         873        1199
         874        1199
         875        1199
         876        1199
         877        1199
         856        1200
         857        1200
         858        1200
         859        1200
         860        1200
         861        1200
         862        1200
         863        1200
         864        1200
         865        1200
         866        1200
         867        1200
         868        1200
         869        1200
         870        1200
         871        1200
         872        1200
         873        1200
         874        1200
         875        1200
         876        1200
         877        1200
         857        1201
         858        1201
         859        1201
         860        1201
         861        1201
         862        1201
         863        1201
         864        1201
         865        1201
         866        1201
         867        1201
         868        1201
         869        1201
         870        1201
         871        1201
         872        1201
         873        1201
         874        1201
         875        1201
         876        1201
         877        1201
         878        1201
         857        1202
         858        1202
         859        1202
         860        1202
         861        1202
         862        1202
         863        1202
         864        1202
         865        1202
         866        1202
         867        1202
         868        1202
         869        1202
         870        1202
         871        1202
         872        1202
         873        1202
         874        1202
         875        1202
         876        1202
         877        1202
         878        1202
         857        1203
         858        1203
         859        1203
         860        1203
         861        1203
         862        1203
         863        1203
         864        1203
         865        1203
         866        1203
         867        1203
         868        1203
         869        1203
         870        1203
         871        1203
         872        1203
         873        1203
         874        1203
         875        1203
         876        1203
         877        1203
         878        1203
         879        1203
         858        1204
         859        1204
         860        1204
         861        1204
         862        1204
         863        1204
         864        1204
         865        1204
         866        1204
         867        1204
         868        1204
         869        1204
         870        1204
         871        1204
         872        1204
         873        1204
         874        1204
         875        1204
         876        1204
         877        1204
         878        1204
         879        1204
         858        1205
         859        1205
         860        1205
         861        1205
         862        1205
         863        1205
         864        1205
         865        1205
         866        1205
         867        1205
         868        1205
         869        1205
         870        1205
         871        1205
         872        1205
         873        1205
         874        1205
         875        1205
         876        1205
         877        1205
         878        1205
         879        1205
         880        1205
         859        1206
         860        1206
         861        1206
         862        1206
         863        1206
         864        1206
         865        1206
         866        1206
         867        1206
         868        1206
         869        1206
         870        1206
         871        1206
         872        1206
         873        1206
         874        1206
         875        1206
         876        1206
         877        1206
         878        1206
         879        1206
         880        1206
         859        1207
         860        1207
         861        1207
         862        1207
         863        1207
         864        1207
         865        1207
         866        1207
         867        1207
         868        1207
         869        1207
         870        1207
         871        1207
         872        1207
         873        1207
         874        1207
         875        1207
         876        1207
         877        1207
         878        1207
         879        1207
         880        1207
         881        1207
         860        1208
         861        1208
         862        1208
         863        1208
         864        1208
         865        1208
         866        1208
         867        1208
         868        1208
         869        1208
         870        1208
         871        1208
         872        1208
         873        1208
         874        1208
         875        1208
         876        1208
         877        1208
         878        1208
         879        1208
         880        1208
         860        1209
         861        1209
         862        1209
         863        1209
         864        1209
         865        1209
         866        1209
         867        1209
         868        1209
         869        1209
         870        1209
         871        1209
         872        1209
         873        1209
         874        1209
         875        1209
         876        1209
         877        1209
         861        1210
         862        1210
         863        1210
         864        1210
         865        1210
         866        1210
         867        1210
         868        1210
         869        1210
         870        1210
         871        1210
         872        1210
         873        1210
         874        1210
         875        1210
         861        1211
         862        1211
         863        1211
         864        1211
         865        1211
         866        1211
         867        1211
         868        1211
         869        1211
         870        1211
         871        1211
         872        1211
         873        1211
         861        1212
         862        1212
         863        1212
         864        1212
         865        1212
         866        1212
         867        1212
         868        1212
         869        1212
         870        1212
         862        1213
         863        1213
         864        1213
         865        1213
         866        1213
         867        1213
         868        1213
         862        1214
         863        1214
         864        1214
         865        1214
         866        1214
         863        1215
         899        1199
         897        1200
         898        1200
         899        1200
         900        1200
         895        1201
         896        1201
         897        1201
         898        1201
         899        1201
         900        1201
         893        1202
         894        1202
         895        1202
         896        1202
         897        1202
         898        1202
         899        1202
         900        1202
         901        1202
         891        1203
         892        1203
         893        1203
         894        1203
         895        1203
         896        1203
         897        1203
         898        1203
         899        1203
         900        1203
         901        1203
         889        1204
         890        1204
         891        1204
         892        1204
         893        1204
         894        1204
         895        1204
         896        1204
         897        1204
         898        1204
         899        1204
         900        1204
         901        1204
         887        1205
         888        1205
         889        1205
         890        1205
         891        1205
         892        1205
         893        1205
         894        1205
         895        1205
         896        1205
         897        1205
         898        1205
         899        1205
         900        1205
         901        1205
         902        1205
         885        1206
         886        1206
         887        1206
         888        1206
         889        1206
         890        1206
         891        1206
         892        1206
         893        1206
         894        1206
         895        1206
         896        1206
         897        1206
         898        1206
         899        1206
         900        1206
         901        1206
         902        1206
         883        1207
         884        1207
         885        1207
         886        1207
         887        1207
         888        1207
         889        1207
         890        1207
         891        1207
         892        1207
         893        1207
         894        1207
         895        1207
         896        1207
         897        1207
         898        1207
         899        1207
         900        1207
         901        1207
         902        1207
         903        1207
         882        1208
         883        1208
         884        1208
         885        1208
         886        1208
         887        1208
         888        1208
         889        1208
         890        1208
         891        1208
         892        1208
         893        1208
         894        1208
         895        1208
         896        1208
         897        1208
         898        1208
         899        1208
         900        1208
         901        1208
         902        1208
         903        1208
         883        1209
         884        1209
         885        1209
         886        1209
         887        1209
         888        1209
         889        1209
         890        1209
         891        1209
         892        1209
         893        1209
         894        1209
         895        1209
         896        1209
         897        1209
         898        1209
         899        1209
         900        1209
         901        1209
         902        1209
         903        1209
         904        1209
         883        1210
         884        1210
         885        1210
         886        1210
         887        1210
         888        1210
         889        1210
         890        1210
         891        1210
         892        1210
         893        1210
         894        1210
         895        1210
         896        1210
         897        1210
         898        1210
         899        1210
         900        1210
         901        1210
         902        1210
         903        1210
         904        1210
         884        1211
         885        1211
         886        1211
         887        1211
         888        1211
         889        1211
         890        1211
         891        1211
         892        1211
         893        1211
         894        1211
         895        1211
         896        1211
         897        1211
         898        1211
         899        1211
         900        1211
         901        1211
         902        1211
         903        1211
         904        1211
         905        1211
         884        1212
         885        1212
         886        1212
         887        1212
         888        1212
         889        1212
         890        1212
         891        1212
         892        1212
         893        1212
         894        1212
         895        1212
         896        1212
         897        1212
         898        1212
         899        1212
         900        1212
         901        1212
         902        1212
         903        1212
         904        1212
         905        1212
         884        1213
         885        1213
         886        1213
         887        1213
         888        1213
         889        1213
         890        1213
         891        1213
         892        1213
         893        1213
         894        1213
         895        1213
         896        1213
         897        1213
         898        1213
         899        1213
         900        1213
         901        1213
         902        1213
         903        1213
         904        1213
         905        1213
         885        1214
         886        1214
         887        1214
         888        1214
         889        1214
         890        1214
         891        1214
         892        1214
         893        1214
         894        1214
         895        1214
         896        1214
         897        1214
         898        1214
         899        1214
         900        1214
         901        1214
         902        1214
         903        1214
         904        1214
         905        1214
         906        1214
         885        1215
         886        1215
         887        1215
         888        1215
         889        1215
         890        1215
         891        1215
         892        1215
         893        1215
         894        1215
         895        1215
         896        1215
         897        1215
         898        1215
         899        1215
         900        1215
         901        1215
         902        1215
         903        1215
         904        1215
         905        1215
         906        1215
         886        1216
         887        1216
         888        1216
         889        1216
         890        1216
         891        1216
         892        1216
         893        1216
         894        1216
         895        1216
         896        1216
         897        1216
         898        1216
         899        1216
         900        1216
         901        1216
         902        1216
         903        1216
         904        1216
         905        1216
         906        1216
         907        1216
         886        1217
         887        1217
         888        1217
         889        1217
         890        1217
         891        1217
         892        1217
         893        1217
         894        1217
         895        1217
         896        1217
         897        1217
         898        1217
         899        1217
         900        1217
         901        1217
         902        1217
         903        1217
         904        1217
         905        1217
         906        1217
         887        1218
         888        1218
         889        1218
         890        1218
         891        1218
         892        1218
         893        1218
         894        1218
         895        1218
         896        1218
         897        1218
         898        1218
         899        1218
         900        1218
         901        1218
         902        1218
         903        1218
         904        1218
         887        1219
         888        1219
         889        1219
         890        1219
         891        1219
         892        1219
         893        1219
         894        1219
         895        1219
         896        1219
         897        1219
         898        1219
         899        1219
         900        1219
         901        1219
         902        1219
         888        1220
         889        1220
         890        1220
         891        1220
         892        1220
         893        1220
         894        1220
         895        1220
         896        1220
         897        1220
         898        1220
         899        1220
         900        1220
         888        1221
         889        1221
         890        1221
         891        1221
         892        1221
         893        1221
         894        1221
         895        1221
         896        1221
         897        1221
         898        1221
         888        1222
         889        1222
         890        1222
         891        1222
         892        1222
         893        1222
         894        1222
         895        1222
         896        1222
         889        1223
         890        1223
         891        1223
         892        1223
         893        1223
         894        1223
         889        1224
         890        1224
         891        1224
         892        1224
         890        1225
         890        1181
         888        1182
         889        1182
         890        1182
         891        1182
         886        1183
         887        1183
         888        1183
         889        1183
         890        1183
         891        1183
         884        1184
         885        1184
         886        1184
         887        1184
         888        1184
         889        1184
         890        1184
         891        1184
         892        1184
         882        1185
         883        1185
         884        1185
         885        1185
         886        1185
         887        1185
         888        1185
         889        1185
         890        1185
         891        1185
         892        1185
         880        1186
         881        1186
         882        1186
         883        1186
         884        1186
         885        1186
         886        1186
         887        1186
         888        1186
         889        1186
         890        1186
         891        1186
         892        1186
         893        1186
         878        1187
         879        1187
         880        1187
         881        1187
         882        1187
         883        1187
         884        1187
         885        1187
         886        1187
         887        1187
         888        1187
         889        1187
         890        1187
         891        1187
         892        1187
         893        1187
         876        1188
         877        1188
         878        1188
         879        1188
         880        1188
         881        1188
         882        1188
         883        1188
         884        1188
         885        1188
         886        1188
         887        1188
         888        1188
         889        1188
         890        1188
         891        1188
         892        1188
         893        1188
         894        1188
         874        1189
         875        1189
         876        1189
         877        1189
         878        1189
         879        1189
         880        1189
         881        1189
         882        1189
         883        1189
         884        1189
         885        1189
         886        1189
         887        1189
         888        1189
         889        1189
         890        1189
         891        1189
         892        1189
         893        1189
         894        1189
         873        1190
         874        1190
         875        1190
         876        1190
         877        1190
         878        1190
         879        1190
         880        1190
         881        1190
         882        1190
         883        1190
         884        1190
         885        1190
         886        1190
         887        1190
         888        1190
         889        1190
         890        1190
         891        1190
         892        1190
         893        1190
         894        1190
         895        1190
         874        1191
         875        1191
         876        1191
         877        1191
         878        1191
         879        1191
         880        1191
         881        1191
         882        1191
         883        1191
         884        1191
         885        1191
         886        1191
         887        1191
         888        1191
         889        1191
         890        1191
         891        1191
         892        1191
         893        1191
         894        1191
         895        1191
         874        1192
         875        1192
         876        1192
         877        1192
         878        1192
         879        1192
         880        1192
         881        1192
         882        1192
         883        1192
         884        1192
         885        1192
         886        1192
         887        1192
         888        1192
         889        1192
         890        1192
         891        1192
         892        1192
         893        1192
         894        1192
         895        1192
         896        1192
         875        1193
         876        1193
         877        1193
         878        1193
         879        1193
         880        1193
         881        1193
         882        1193
         883        1193
         884        1193
         885        1193
         886        1193
         887        1193
         888        1193
         889        1193
         890        1193
         891        1193
         892        1193
         893        1193
         894        1193
         895        1193
         896        1193
         875        1194
         876        1194
         877        1194
         878        1194
         879        1194
         880        1194
         881        1194
         882        1194
         883        1194
         884        1194
         885        1194
         886        1194
         887        1194
         888        1194
         889        1194
         890        1194
         891        1194
         892        1194
         893        1194
         894        1194
         895        1194
         896        1194
         897        1194
         876        1195
         877        1195
         878        1195
         879        1195
         880        1195
         881        1195
         882        1195
         883        1195
         884        1195
         885        1195
         886        1195
         887        1195
         888        1195
         889        1195
         890        1195
         891        1195
         892        1195
         893        1195
         894        1195
         895        1195
         896        1195
         897        1195
         876        1196
         877        1196
         878        1196
         879        1196
         880        1196
         881        1196
         882        1196
         883        1196
         884        1196
         885        1196
         886        1196
         887        1196
         888        1196
         889        1196
         890        1196
         891        1196
         892        1196
         893        1196
         894        1196
         895        1196
         896        1196
         897        1196
         898        1196
         877        1197
         878        1197
         879        1197
         880        1197
         881        1197
         882        1197
         883        1197
         884        1197
         885        1197
         886        1197
         887        1197
         888        1197
         889        1197
         890        1197
         891        1197
         892        1197
         893        1197
         894        1197
         895        1197
         896        1197
         897        1197
         898        1197
         877        1198
         878        1198
         879        1198
         880        1198
         881        1198
         882        1198
         883        1198
         884        1198
         885        1198
         886        1198
         887        1198
         888        1198
         889        1198
         890        1198
         891        1198
         892        1198
         893        1198
         894        1198
         895        1198
         896        1198
         897        1198
         898        1198
         899        1198
         878        1199
         879        1199
         880        1199
         881        1199
         882        1199
         883        1199
         884        1199
         885        1199
         886        1199
         887        1199
         888        1199
         889        1199
         890        1199
         891        1199
         892        1199
         893        1199
         894        1199
         895        1199
         896        1199
         897        1199
         898        1199
         878        1200
         879        1200
         880        1200
         881        1200
         882        1200
         883        1200
         884        1200
         885        1200
         886        1200
         887        1200
         888        1200
         889        1200
         890        1200
         891        1200
         892        1200
         893        1200
         894        1200
         895        1200
         896        1200
         879        1201
         880        1201
         881        1201
         882        1201
         883        1201
         884        1201
         885        1201
         886        1201
         887        1201
         888        1201
         889        1201
         890        1201
         891        1201
         892        1201
         893        1201
         894        1201
         879        1202
         880        1202
         881        1202
         882        1202
         883        1202
         884        1202
         885        1202
         886        1202
         887        1202
         888        1202
         889        1202
         890        1202
         891        1202
         892        1202
         880        1203
         881        1203
         882        1203
         883        1203
         884        1203
         885        1203
         886        1203
         887        1203
         888        1203
         889        1203
         890        1203
         880        1204
         881        1204
         882        1204
         883        1204
         884        1204
         885        1204
         886        1204
         887        1204
         888        1204
         881        1205
         882        1205
         883        1205
         884        1205
         885        1205
         886        1205
         881        1206
         882        1206
         883        1206
         884        1206
         882        1207
