         921        1319
         918        1320
         919        1320
         920        1320
         921        1320
         922        1320
         916        1321
         917        1321
         918        1321
         919        1321
         920        1321
         921        1321
         922        1321
         913        1322
         914        1322
         915        1322
         916        1322
         917        1322
         918        1322
         919        1322
         920        1322
         921        1322
         922        1322
         923        1322
         910        1323
         911        1323
         912        1323
         913        1323
         914        1323
         915        1323
         916        1323
         917        1323
         918        1323
         919        1323
         920        1323
         921        1323
         922        1323
         923        1323
         908        1324
         909        1324
         910        1324
         911        1324
         912        1324
         913        1324
         914        1324
         915        1324
         916        1324
         917        1324
         918        1324
         919        1324
         920        1324
         921        1324
         922        1324
         923        1324
         905        1325
         906        1325
         907        1325
         908        1325
         909        1325
         910        1325
         911        1325
         912        1325
         913        1325
         914        1325
         915        1325
         916        1325
         917        1325
         918        1325
         919        1325
         920        1325
         921        1325
         922        1325
         923        1325
         924        1325
         904        1326
         905        1326
         906        1326
         907        1326
         908        1326
         909        1326
         910        1326
         911        1326
         912        1326
         913        1326
         914        1326
         915        1326
         916        1326
         917        1326
         918        1326
         919        1326
         920        1326
         921        1326
         922        1326
         923        1326
         924        1326
         905        1327
         906        1327
         907        1327
         908        1327
         909        1327
         910        1327
         911        1327
         912        1327
         913        1327
         914        1327
         915        1327
         916        1327
         917        1327
         918        1327
         919        1327
         920        1327
         921        1327
         922        1327
         923        1327
         924        1327
         925        1327
         905        1328
         906        1328
         907        1328
         908        1328
         909        1328
         910        1328
         911        1328
         912        1328
         913        1328
         914        1328
         915        1328
         916        1328
         917        1328
         918        1328
         919        1328
         920        1328
         921        1328
         922        1328
         923        1328
         924        1328
         925        1328
         905        1329
         906        1329
         907        1329
         908        1329
         909        1329
         910        1329
         911        1329
         912        1329
         913        1329
         914        1329
         915        1329
         916        1329
         917        1329
         918        1329
         919        1329
         920        1329
         921        1329
         922        1329
         923        1329
         924        1329
         925        1329
         926        1329
         906        1330
         907        1330
         908        1330
         909        1330
         910        1330
         911        1330
         912        1330
         913        1330
         914        1330
         915        1330
         916        1330
         917        1330
         918        1330
         919        1330
         920        1330
         921        1330
         922        1330
         923        1330
         924        1330
         925        1330
         926        1330
         906        1331
         907        1331
         908        1331
         909        1331
         910        1331
         911        1331
         912        1331
         913        1331
         914        1331
         915        1331
         916        1331
         917        1331
         918        1331
         919        1331
         920        1331
         921        1331
         922        1331
         923        1331
         924        1331
         925        1331
         926        1331
         927        1331
         906        1332
         907        1332
         908        1332
         909        1332
         910        1332
         911        1332
         912        1332
         913        1332
         914        1332
         915        1332
         916        1332
         917        1332
         918        1332
         919        1332
         920        1332
         921        1332
         922        1332
         923        1332
         924        1332
         925        1332
         926        1332
         927        1332
         907        1333
         908        1333
         909        1333
         910        1333
         911        1333
         912        1333
         913        1333
         914        1333
         915        1333
         916        1333
         917        1333
         918        1333
         919        1333
         920        1333
         921        1333
         922        1333
         923        1333
         924        1333
         925        1333
         926        1333
         927        1333
         907        1334
         908        1334
         909        1334
         910        1334
         911        1334
         912        1334
         913        1334
         914        1334
         915        1334
         916        1334
         917        1334
         918        1334
         919        1334
         920        1334
         921        1334
         922        1334
         923        1334
         924        1334
         925        1334
         926        1334
         927        1334
         928        1334
         907        1335
         908        1335
         909        1335
         910        1335
         911        1335
         912        1335
         913        1335
         914        1335
         915        1335
         916        1335
         917        1335
         918        1335
         919        1335
         920        1335
         921        1335
         922        1335
         923        1335
         924        1335
         925        1335
         926        1335
         927        1335
         928        1335
         908        1336
         909        1336
         910        1336
         911        1336
         912        1336
         913        1336
         914        1336
         915        1336
         916        1336
         917        1336
         918        1336
         919        1336
         920        1336
         921        1336
         922        1336
         923        1336
         924        1336
         925        1336
         926        1336
         927        1336
         928        1336
         929        1336
         908        1337
         909        1337
         910        1337
         911        1337
         912        1337
         913        1337
         914        1337
         915        1337
         916        1337
         917        1337
         918        1337
         919        1337
         920        1337
         921        1337
         922        1337
         923        1337
         924        1337
         925        1337
         926        1337
         927        1337
         928        1337
         909        1338
         910        1338
         911        1338
         912        1338
         913        1338
         914        1338
         915        1338
         916        1338
         917        1338
         918        1338
         919        1338
         920        1338
         921        1338
         922        1338
         923        1338
         924        1338
         925        1338
         909        1339
         910        1339
         911        1339
         912        1339
         913        1339
         914        1339
         915        1339
         916        1339
         917        1339
         918        1339
         919        1339
         920        1339
         921        1339
         922        1339
         923        1339
         909        1340
         910        1340
         911        1340
         912        1340
         913        1340
         914        1340
         915        1340
         916        1340
         917        1340
         918        1340
         919        1340
         920        1340
         921        1340
         910        1341
         911        1341
         912        1341
         913        1341
         914        1341
         915        1341
         916        1341
         917        1341
         918        1341
         910        1342
         911        1342
         912        1342
         913        1342
         914        1342
         915        1342
         916        1342
         910        1343
         911        1343
         912        1343
         913        1343
         914        1343
         911        1344
         914        1300
         911        1301
         912        1301
         913        1301
         914        1301
         915        1301
         909        1302
         910        1302
         911        1302
         912        1302
         913        1302
         914        1302
         915        1302
         907        1303
         908        1303
         909        1303
         910        1303
         911        1303
         912        1303
         913        1303
         914        1303
         915        1303
         904        1304
         905        1304
         906        1304
         907        1304
         908        1304
         909        1304
         910        1304
         911        1304
         912        1304
         913        1304
         914        1304
         915        1304
         916        1304
         902        1305
         903        1305
         904        1305
         905        1305
         906        1305
         907        1305
         908        1305
         909        1305
         910        1305
         911        1305
         912        1305
         913        1305
         914        1305
         915        1305
         916        1305
         900        1306
         901        1306
         902        1306
         903        1306
         904        1306
         905        1306
         906        1306
         907        1306
         908        1306
         909        1306
         910        1306
         911        1306
         912        1306
         913        1306
         914        1306
         915        1306
         916        1306
         897        1307
         898        1307
         899        1307
         900        1307
         901        1307
         902        1307
         903        1307
         904        1307
         905        1307
         906        1307
         907        1307
         908        1307
         909        1307
         910        1307
         911        1307
         912        1307
         913        1307
         914        1307
         915        1307
         916        1307
         917        1307
         896        1308
         897        1308
         898        1308
         899        1308
         900        1308
         901        1308
         902        1308
         903        1308
         904        1308
         905        1308
         906        1308
         907        1308
         908        1308
         909        1308
         910        1308
         911        1308
         912        1308
         913        1308
         914        1308
         915        1308
         916        1308
         917        1308
         897        1309
         898        1309
         899        1309
         900        1309
         901        1309
         902        1309
         903        1309
         904        1309
         905        1309
         906        1309
         907        1309
         908        1309
         909        1309
         910        1309
         911        1309
         912        1309
         913        1309
         914        1309
         915        1309
         916        1309
         917        1309
         897        1310
         898        1310
         899        1310
         900        1310
         901        1310
         902        1310
         903        1310
         904        1310
         905        1310
         906        1310
         907        1310
         908        1310
         909        1310
         910        1310
         911        1310
         912        1310
         913        1310
         914        1310
         915        1310
         916        1310
         917        1310
         918        1310
         898        1311
         899        1311
         900        1311
         901        1311
         902        1311
         903        1311
         904        1311
         905        1311
         906        1311
         907        1311
         908        1311
         909        1311
         910        1311
         911        1311
         912        1311
         913        1311
         914        1311
         915        1311
         916        1311
         917        1311
         918        1311
         898        1312
         899        1312
         900        1312
         901        1312
         902        1312
         903        1312
         904        1312
         905        1312
         906        1312
         907        1312
         908        1312
         909        1312
         910        1312
         911        1312
         912        1312
         913        1312
         914        1312
         915        1312
         916        1312
         917        1312
         918        1312
         919        1312
         898        1313
         899        1313
         900        1313
         901        1313
         902        1313
         903        1313
         904        1313
         905        1313
         906        1313
         907        1313
         908        1313
         909        1313
         910        1313
         911        1313
         912        1313
         913        1313
         914        1313
         915        1313
         916        1313
         917        1313
         918        1313
         919        1313
         899        1314
         900        1314
         901        1314
         902        1314
         903        1314
         904        1314
         905        1314
         906        1314
         907        1314
         908        1314
         909        1314
         910        1314
         911        1314
         912        1314
         913        1314
         914        1314
         915        1314
         916        1314
         917        1314
         918        1314
         919        1314
         899        1315
         900        1315
         901        1315
         902        1315
         903        1315
         904        1315
         905        1315
         906        1315
         907        1315
         908        1315
         909        1315
         910        1315
         911        1315
         912        1315
         913        1315
         914        1315
         915        1315
         916        1315
         917        1315
         918        1315
         919        1315
         920        1315
         900        1316
         901        1316
         902        1316
         903        1316
         904        1316
         905        1316
         906        1316
         907        1316
         908        1316
         909        1316
         910        1316
         911        1316
         912        1316
         913        1316
         914        1316
         915        1316
         916        1316
         917        1316
         918        1316
         919        1316
         920        1316
         900        1317
         901        1317
         902        1317
         903        1317
         904        1317
         905        1317
         906        1317
         907        1317
         908        1317
         909        1317
         910        1317
         911        1317
         912        1317
         913        1317
         914        1317
         915        1317
         916        1317
         917        1317
         918        1317
         919        1317
         920        1317
         901        1318
         902        1318
         903        1318
         904        1318
         905        1318
         906        1318
         907        1318
         908        1318
         909        1318
         910        1318
         911        1318
         912        1318
         913        1318
         914        1318
         915        1318
         916        1318
         917        1318
         918        1318
         919        1318
         920        1318
         921        1318
         901        1319
         902        1319
         903        1319
         904        1319
         905        1319
         906        1319
         907        1319
         908        1319
         909        1319
         910        1319
         911        1319
         912        1319
         913        1319
         914        1319
         915        1319
         916        1319
         917        1319
         918        1319
         919        1319
         920        1319
         902        1320
         903        1320
         904        1320
         905        1320
         906        1320
         907        1320
         908        1320
         909        1320
         910        1320
         911        1320
         912        1320
         913        1320
         914        1320
         915        1320
         916        1320
         917        1320
         902        1321
         903        1321
         904        1321
         905        1321
         906        1321
         907        1321
         908        1321
         909        1321
         910        1321
         911        1321
         912        1321
         913        1321
         914        1321
         915        1321
         902        1322
         903        1322
         904        1322
         905        1322
         906        1322
         907        1322
         908        1322
         909        1322
         910        1322
         911        1322
         912        1322
         903        1323
         904        1323
         905        1323
         906        1323
         907        1323
         908        1323
         909        1323
         903        1324
         904        1324
         905        1324
         906        1324
         907        1324
         904        1325
         940        1311
         937        1312
         938        1312
         939        1312
         940        1312
         941        1312
         935        1313
         936        1313
         937        1313
         938        1313
         939        1313
         940        1313
         941        1313
         933        1314
         934        1314
         935        1314
         936        1314
         937        1314
         938        1314
         939        1314
         940        1314
         941        1314
         930        1315
         931        1315
         932        1315
         933        1315
         934        1315
         935        1315
         936        1315
         937        1315
         938        1315
         939        1315
         940        1315
         941        1315
         942        1315
         928        1316
         929        1316
         930        1316
         931        1316
         932        1316
         933        1316
         934        1316
         935        1316
         936        1316
         937        1316
         938        1316
         939        1316
         940        1316
         941        1316
         942        1316
         926        1317
         927        1317
         928        1317
         929        1317
         930        1317
         931        1317
         932        1317
         933        1317
         934        1317
         935        1317
         936        1317
         937        1317
         938        1317
         939        1317
         940        1317
         941        1317
         942        1317
         923        1318
         924        1318
         925        1318
         926        1318
         927        1318
         928        1318
         929        1318
         930        1318
         931        1318
         932        1318
         933        1318
         934        1318
         935        1318
         936        1318
         937        1318
         938        1318
         939        1318
         940        1318
         941        1318
         942        1318
         943        1318
         922        1319
         923        1319
         924        1319
         925        1319
         926        1319
         927        1319
         928        1319
         929        1319
         930        1319
         931        1319
         932        1319
         933        1319
         934        1319
         935        1319
         936        1319
         937        1319
         938        1319
         939        1319
         940        1319
         941        1319
         942        1319
         943        1319
         923        1320
         924        1320
         925        1320
         926        1320
         927        1320
         928        1320
         929        1320
         930        1320
         931        1320
         932        1320
         933        1320
         934        1320
         935        1320
         936        1320
         937        1320
         938        1320
         939        1320
         940        1320
         941        1320
         942        1320
         943        1320
         923        1321
         924        1321
         925        1321
         926        1321
         927        1321
         928        1321
         929        1321
         930        1321
         931        1321
         932        1321
         933        1321
         934        1321
         935        1321
         936        1321
         937        1321
         938        1321
         939        1321
         940        1321
         941        1321
         942        1321
         943        1321
         944        1321
         924        1322
         925        1322
         926        1322
         927        1322
         928        1322
         929        1322
         930        1322
         931        1322
         932        1322
         933        1322
         934        1322
         935        1322
         936        1322
         937        1322
         938        1322
         939        1322
         940        1322
         941        1322
         942        1322
         943        1322
         944        1322
         924        1323
         925        1323
         926        1323
         927        1323
         928        1323
         929        1323
         930        1323
         931        1323
         932        1323
         933        1323
         934        1323
         935        1323
         936        1323
         937        1323
         938        1323
         939        1323
         940        1323
         941        1323
         942        1323
         943        1323
         944        1323
         945        1323
         924        1324
         925        1324
         926        1324
         927        1324
         928        1324
         929        1324
         930        1324
         931        1324
         932        1324
         933        1324
         934        1324
         935        1324
         936        1324
         937        1324
         938        1324
         939        1324
         940        1324
         941        1324
         942        1324
         943        1324
         944        1324
         945        1324
         925        1325
         926        1325
         927        1325
         928        1325
         929        1325
         930        1325
         931        1325
         932        1325
         933        1325
         934        1325
         935        1325
         936        1325
         937        1325
         938        1325
         939        1325
         940        1325
         941        1325
         942        1325
         943        1325
         944        1325
         945        1325
         925        1326
         926        1326
         927        1326
         928        1326
         929        1326
         930        1326
         931        1326
         932        1326
         933        1326
         934        1326
         935        1326
         936        1326
         937        1326
         938        1326
         939        1326
         940        1326
         941        1326
         942        1326
         943        1326
         944        1326
         945        1326
         946        1326
         926        1327
         927        1327
         928        1327
         929        1327
         930        1327
         931        1327
         932        1327
         933        1327
         934        1327
         935        1327
         936        1327
         937        1327
         938        1327
         939        1327
         940        1327
         941        1327
         942        1327
         943        1327
         944        1327
         945        1327
         946        1327
         926        1328
         927        1328
         928        1328
         929        1328
         930        1328
         931        1328
         932        1328
         933        1328
         934        1328
         935        1328
         936        1328
         937        1328
         938        1328
         939        1328
         940        1328
         941        1328
         942        1328
         943        1328
         944        1328
         945        1328
         946        1328
         927        1329
         928        1329
         929        1329
         930        1329
         931        1329
         932        1329
         933        1329
         934        1329
         935        1329
         936        1329
         937        1329
         938        1329
         939        1329
         940        1329
         941        1329
         942        1329
         943        1329
         944        1329
         945        1329
         946        1329
         947        1329
         927        1330
         928        1330
         929        1330
         930        1330
         931        1330
         932        1330
         933        1330
         934        1330
         935        1330
         936        1330
         937        1330
         938        1330
         939        1330
         940        1330
         941        1330
         942        1330
         943        1330
         944        1330
         945        1330
         946        1330
         928        1331
         929        1331
         930        1331
         931        1331
         932        1331
         933        1331
         934        1331
         935        1331
         936        1331
         937        1331
         938        1331
         939        1331
         940        1331
         941        1331
         942        1331
         943        1331
         928        1332
         929        1332
         930        1332
         931        1332
         932        1332
         933        1332
         934        1332
         935        1332
         936        1332
         937        1332
         938        1332
         939        1332
         940        1332
         941        1332
         928        1333
         929        1333
         930        1333
         931        1333
         932        1333
         933        1333
         934        1333
         935        1333
         936        1333
         937        1333
         938        1333
         929        1334
         930        1334
         931        1334
         932        1334
         933        1334
         934        1334
         935        1334
         929        1335
         930        1335
         931        1335
         932        1335
         933        1335
         930        1336
         932        1293
         929        1294
         930        1294
         931        1294
         932        1294
         933        1294
         927        1295
         928        1295
         929        1295
         930        1295
         931        1295
         932        1295
         933        1295
         924        1296
         925        1296
         926        1296
         927        1296
         928        1296
         929        1296
         930        1296
         931        1296
         932        1296
         933        1296
         934        1296
         921        1297
         922        1297
         923        1297
         924        1297
         925        1297
         926        1297
         927        1297
         928        1297
         929        1297
         930        1297
         931        1297
         932        1297
         933        1297
         934        1297
         919        1298
         920        1298
         921        1298
         922        1298
         923        1298
         924        1298
         925        1298
         926        1298
         927        1298
         928        1298
         929        1298
         930        1298
         931        1298
         932        1298
         933        1298
         934        1298
         916        1299
         917        1299
         918        1299
         919        1299
         920        1299
         921        1299
         922        1299
         923        1299
         924        1299
         925        1299
         926        1299
         927        1299
         928        1299
         929        1299
         930        1299
         931        1299
         932        1299
         933        1299
         934        1299
         935        1299
         915        1300
         916        1300
         917        1300
         918        1300
         919        1300
         920        1300
         921        1300
         922        1300
         923        1300
         924        1300
         925        1300
         926        1300
         927        1300
         928        1300
         929        1300
         930        1300
         931        1300
         932        1300
         933        1300
         934        1300
         935        1300
         916        1301
         917        1301
         918        1301
         919        1301
         920        1301
         921        1301
         922        1301
         923        1301
         924        1301
         925        1301
         926        1301
         927        1301
         928        1301
         929        1301
         930        1301
         931        1301
         932        1301
         933        1301
         934        1301
         935        1301
         936        1301
         916        1302
         917        1302
         918        1302
         919        1302
         920        1302
         921        1302
         922        1302
         923        1302
         924        1302
         925        1302
         926        1302
         927        1302
         928        1302
         929        1302
         930        1302
         931        1302
         932        1302
         933        1302
         934        1302
         935        1302
         936        1302
         916        1303
         917        1303
         918        1303
         919        1303
         920        1303
         921        1303
         922        1303
         923        1303
         924        1303
         925        1303
         926        1303
         927        1303
         928        1303
         929        1303
         930        1303
         931        1303
         932        1303
         933        1303
         934        1303
         935        1303
         936        1303
         937        1303
         917        1304
         918        1304
         919        1304
         920        1304
         921        1304
         922        1304
         923        1304
         924        1304
         925        1304
         926        1304
         927        1304
         928        1304
         929        1304
         930        1304
         931        1304
         932        1304
         933        1304
         934        1304
         935        1304
         936        1304
         937        1304
         917        1305
         918        1305
         919        1305
         920        1305
         921        1305
         922        1305
         923        1305
         924        1305
         925        1305
         926        1305
         927        1305
         928        1305
         929        1305
         930        1305
         931        1305
         932        1305
         933        1305
         934        1305
         935        1305
         936        1305
         937        1305
         938        1305
         917        1306
         918        1306
         919        1306
         920        1306
         921        1306
         922        1306
         923        1306
         924        1306
         925        1306
         926        1306
         927        1306
         928        1306
         929        1306
         930        1306
         931        1306
         932        1306
         933        1306
         934        1306
         935        1306
         936        1306
         937        1306
         938        1306
         918        1307
         919        1307
         920        1307
         921        1307
         922        1307
         923        1307
         924        1307
         925        1307
         926        1307
         927        1307
         928        1307
         929        1307
         930        1307
         931        1307
         932        1307
         933        1307
         934        1307
         935        1307
         936        1307
         937        1307
         938        1307
         918        1308
         919        1308
         920        1308
         921        1308
         922        1308
         923        1308
         924        1308
         925        1308
         926        1308
         927        1308
         928        1308
         929        1308
         930        1308
         931        1308
         932        1308
         933        1308
         934        1308
         935        1308
         936        1308
         937        1308
         938        1308
         939        1308
         918        1309
         919        1309
         920        1309
         921        1309
         922        1309
         923        1309
         924        1309
         925        1309
         926        1309
         927        1309
         928        1309
         929        1309
         930        1309
         931        1309
         932        1309
         933        1309
         934        1309
         935        1309
         936        1309
         937        1309
         938        1309
         939        1309
         919        1310
         920        1310
         921        1310
         922        1310
         923        1310
         924        1310
         925        1310
         926        1310
         927        1310
         928        1310
         929        1310
         930        1310
         931        1310
         932        1310
         933        1310
         934        1310
         935        1310
         936        1310
         937        1310
         938        1310
         939        1310
         940        1310
         919        1311
         920        1311
         921        1311
         922        1311
         923        1311
         924        1311
         925        1311
         926        1311
         927        1311
         928        1311
         929        1311
         930        1311
         931        1311
         932        1311
         933        1311
         934        1311
         935        1311
         936        1311
         937        1311
         938        1311
         939        1311
         920        1312
         921        1312
         922        1312
         923        1312
         924        1312
         925        1312
         926        1312
         927        1312
         928        1312
         929        1312
         930        1312
         931        1312
         932        1312
         933        1312
         934        1312
         935        1312
         936        1312
         920        1313
         921        1313
         922        1313
         923        1313
         924        1313
         925        1313
         926        1313
         927        1313
         928        1313
         929        1313
         930        1313
         931        1313
         932        1313
         933        1313
         934        1313
         920        1314
         921        1314
         922        1314
         923        1314
         924        1314
         925        1314
         926        1314
         927        1314
         928        1314
         929        1314
         930        1314
         931        1314
         932        1314
         921        1315
         922        1315
         923        1315
         924        1315
         925        1315
         926        1315
         927        1315
         928        1315
         929        1315
         921        1316
         922        1316
         923        1316
         924        1316
         925        1316
         926        1316
         927        1316
         921        1317
         922        1317
         923        1317
         924        1317
         925        1317
         922        1318
