         912        1610
         910        1611
         911        1611
         912        1611
         913        1611
         907        1612
         908        1612
         909        1612
         910        1612
         911        1612
         912        1612
         913        1612
         905        1613
         906        1613
         907        1613
         908        1613
         909        1613
         910        1613
         911        1613
         912        1613
         913        1613
         914        1613
         903        1614
         904        1614
         905        1614
         906        1614
         907        1614
         908        1614
         909        1614
         910        1614
         911        1614
         912        1614
         913        1614
         914        1614
         901        1615
         902        1615
         903        1615
         904        1615
         905        1615
         906        1615
         907        1615
         908        1615
         909        1615
         910        1615
         911        1615
         912        1615
         913        1615
         914        1615
         898        1616
         899        1616
         900        1616
         901        1616
         902        1616
         903        1616
         904        1616
         905        1616
         906        1616
         907        1616
         908        1616
         909        1616
         910        1616
         911        1616
         912        1616
         913        1616
         914        1616
         915        1616
         896        1617
         897        1617
         898        1617
         899        1617
         900        1617
         901        1617
         902        1617
         903        1617
         904        1617
         905        1617
         906        1617
         907        1617
         908        1617
         909        1617
         910        1617
         911        1617
         912        1617
         913        1617
         914        1617
         915        1617
         895        1618
         896        1618
         897        1618
         898        1618
         899        1618
         900        1618
         901        1618
         902        1618
         903        1618
         904        1618
         905        1618
         906        1618
         907        1618
         908        1618
         909        1618
         910        1618
         911        1618
         912        1618
         913        1618
         914        1618
         915        1618
         916        1618
         896        1619
         897        1619
         898        1619
         899        1619
         900        1619
         901        1619
         902        1619
         903        1619
         904        1619
         905        1619
         906        1619
         907        1619
         908        1619
         909        1619
         910        1619
         911        1619
         912        1619
         913        1619
         914        1619
         915        1619
         916        1619
         896        1620
         897        1620
         898        1620
         899        1620
         900        1620
         901        1620
         902        1620
         903        1620
         904        1620
         905        1620
         906        1620
         907        1620
         908        1620
         909        1620
         910        1620
         911        1620
         912        1620
         913        1620
         914        1620
         915        1620
         916        1620
         917        1620
         897        1621
         898        1621
         899        1621
         900        1621
         901        1621
         902        1621
         903        1621
         904        1621
         905        1621
         906        1621
         907        1621
         908        1621
         909        1621
         910        1621
         911        1621
         912        1621
         913        1621
         914        1621
         915        1621
         916        1621
         917        1621
         897        1622
         898        1622
         899        1622
         900        1622
         901        1622
         902        1622
         903        1622
         904        1622
         905        1622
         906        1622
         907        1622
         908        1622
         909        1622
         910        1622
         911        1622
         912        1622
         913        1622
         914        1622
         915        1622
         916        1622
         917        1622
         918        1622
         897        1623
         898        1623
         899        1623
         900        1623
         901        1623
         902        1623
         903        1623
         904        1623
         905        1623
         906        1623
         907        1623
         908        1623
         909        1623
         910        1623
         911        1623
         912        1623
         913        1623
         914        1623
         915        1623
         916        1623
         917        1623
         918        1623
         898        1624
         899        1624
         900        1624
         901        1624
         902        1624
         903        1624
         904        1624
         905        1624
         906        1624
         907        1624
         908        1624
         909        1624
         910        1624
         911        1624
         912        1624
         913        1624
         914        1624
         915        1624
         916        1624
         917        1624
         918        1624
         898        1625
         899        1625
         900        1625
         901        1625
         902        1625
         903        1625
         904        1625
         905        1625
         906        1625
         907        1625
         908        1625
         909        1625
         910        1625
         911        1625
         912        1625
         913        1625
         914        1625
         915        1625
         916        1625
         917        1625
         918        1625
         919        1625
         899        1626
         900        1626
         901        1626
         902        1626
         903        1626
         904        1626
         905        1626
         906        1626
         907        1626
         908        1626
         909        1626
         910        1626
         911        1626
         912        1626
         913        1626
         914        1626
         915        1626
         916        1626
         917        1626
         918        1626
         919        1626
         899        1627
         900        1627
         901        1627
         902        1627
         903        1627
         904        1627
         905        1627
         906        1627
         907        1627
         908        1627
         909        1627
         910        1627
         911        1627
         912        1627
         913        1627
         914        1627
         915        1627
         916        1627
         917        1627
         918        1627
         919        1627
         920        1627
         900        1628
         901        1628
         902        1628
         903        1628
         904        1628
         905        1628
         906        1628
         907        1628
         908        1628
         909        1628
         910        1628
         911        1628
         912        1628
         913        1628
         914        1628
         915        1628
         916        1628
         917        1628
         918        1628
         919        1628
         900        1629
         901        1629
         902        1629
         903        1629
         904        1629
         905        1629
         906        1629
         907        1629
         908        1629
         909        1629
         910        1629
         911        1629
         912        1629
         913        1629
         914        1629
         915        1629
         916        1629
         917        1629
         901        1630
         902        1630
         903        1630
         904        1630
         905        1630
         906        1630
         907        1630
         908        1630
         909        1630
         910        1630
         911        1630
         912        1630
         913        1630
         914        1630
         901        1631
         902        1631
         903        1631
         904        1631
         905        1631
         906        1631
         907        1631
         908        1631
         909        1631
         910        1631
         911        1631
         912        1631
         901        1632
         902        1632
         903        1632
         904        1632
         905        1632
         906        1632
         907        1632
         908        1632
         909        1632
         910        1632
         902        1633
         903        1633
         904        1633
         905        1633
         906        1633
         907        1633
         908        1633
         902        1634
         903        1634
         904        1634
         905        1634
         903        1635
         904        1591
         902        1592
         903        1592
         904        1592
         905        1592
         899        1593
         900        1593
         901        1593
         902        1593
         903        1593
         904        1593
         905        1593
         897        1594
         898        1594
         899        1594
         900        1594
         901        1594
         902        1594
         903        1594
         904        1594
         905        1594
         895        1595
         896        1595
         897        1595
         898        1595
         899        1595
         900        1595
         901        1595
         902        1595
         903        1595
         904        1595
         905        1595
         906        1595
         893        1596
         894        1596
         895        1596
         896        1596
         897        1596
         898        1596
         899        1596
         900        1596
         901        1596
         902        1596
         903        1596
         904        1596
         905        1596
         906        1596
         890        1597
         891        1597
         892        1597
         893        1597
         894        1597
         895        1597
         896        1597
         897        1597
         898        1597
         899        1597
         900        1597
         901        1597
         902        1597
         903        1597
         904        1597
         905        1597
         906        1597
         907        1597
         888        1598
         889        1598
         890        1598
         891        1598
         892        1598
         893        1598
         894        1598
         895        1598
         896        1598
         897        1598
         898        1598
         899        1598
         900        1598
         901        1598
         902        1598
         903        1598
         904        1598
         905        1598
         906        1598
         907        1598
         887        1599
         888        1599
         889        1599
         890        1599
         891        1599
         892        1599
         893        1599
         894        1599
         895        1599
         896        1599
         897        1599
         898        1599
         899        1599
         900        1599
         901        1599
         902        1599
         903        1599
         904        1599
         905        1599
         906        1599
         907        1599
         908        1599
         888        1600
         889        1600
         890        1600
         891        1600
         892        1600
         893        1600
         894        1600
         895        1600
         896        1600
         897        1600
         898        1600
         899        1600
         900        1600
         901        1600
         902        1600
         903        1600
         904        1600
         905        1600
         906        1600
         907        1600
         908        1600
         888        1601
         889        1601
         890        1601
         891        1601
         892        1601
         893        1601
         894        1601
         895        1601
         896        1601
         897        1601
         898        1601
         899        1601
         900        1601
         901        1601
         902        1601
         903        1601
         904        1601
         905        1601
         906        1601
         907        1601
         908        1601
         888        1602
         889        1602
         890        1602
         891        1602
         892        1602
         893        1602
         894        1602
         895        1602
         896        1602
         897        1602
         898        1602
         899        1602
         900        1602
         901        1602
         902        1602
         903        1602
         904        1602
         905        1602
         906        1602
         907        1602
         908        1602
         909        1602
         889        1603
         890        1603
         891        1603
         892        1603
         893        1603
         894        1603
         895        1603
         896        1603
         897        1603
         898        1603
         899        1603
         900        1603
         901        1603
         902        1603
         903        1603
         904        1603
         905        1603
         906        1603
         907        1603
         908        1603
         909        1603
         889        1604
         890        1604
         891        1604
         892        1604
         893        1604
         894        1604
         895        1604
         896        1604
         897        1604
         898        1604
         899        1604
         900        1604
         901        1604
         902        1604
         903        1604
         904        1604
         905        1604
         906        1604
         907        1604
         908        1604
         909        1604
         910        1604
         890        1605
         891        1605
         892        1605
         893        1605
         894        1605
         895        1605
         896        1605
         897        1605
         898        1605
         899        1605
         900        1605
         901        1605
         902        1605
         903        1605
         904        1605
         905        1605
         906        1605
         907        1605
         908        1605
         909        1605
         910        1605
         890        1606
         891        1606
         892        1606
         893        1606
         894        1606
         895        1606
         896        1606
         897        1606
         898        1606
         899        1606
         900        1606
         901        1606
         902        1606
         903        1606
         904        1606
         905        1606
         906        1606
         907        1606
         908        1606
         909        1606
         910        1606
         911        1606
         891        1607
         892        1607
         893        1607
         894        1607
         895        1607
         896        1607
         897        1607
         898        1607
         899        1607
         900        1607
         901        1607
         902        1607
         903        1607
         904        1607
         905        1607
         906        1607
         907        1607
         908        1607
         909        1607
         910        1607
         911        1607
         891        1608
         892        1608
         893        1608
         894        1608
         895        1608
         896        1608
         897        1608
         898        1608
         899        1608
         900        1608
         901        1608
         902        1608
         903        1608
         904        1608
         905        1608
         906        1608
         907        1608
         908        1608
         909        1608
         910        1608
         911        1608
         891        1609
         892        1609
         893        1609
         894        1609
         895        1609
         896        1609
         897        1609
         898        1609
         899        1609
         900        1609
         901        1609
         902        1609
         903        1609
         904        1609
         905        1609
         906        1609
         907        1609
         908        1609
         909        1609
         910        1609
         911        1609
         912        1609
         892        1610
         893        1610
         894        1610
         895        1610
         896        1610
         897        1610
         898        1610
         899        1610
         900        1610
         901        1610
         902        1610
         903        1610
         904        1610
         905        1610
         906        1610
         907        1610
         908        1610
         909        1610
         910        1610
         911        1610
         892        1611
         893        1611
         894        1611
         895        1611
         896        1611
         897        1611
         898        1611
         899        1611
         900        1611
         901        1611
         902        1611
         903        1611
         904        1611
         905        1611
         906        1611
         907        1611
         908        1611
         909        1611
         893        1612
         894        1612
         895        1612
         896        1612
         897        1612
         898        1612
         899        1612
         900        1612
         901        1612
         902        1612
         903        1612
         904        1612
         905        1612
         906        1612
         893        1613
         894        1613
         895        1613
         896        1613
         897        1613
         898        1613
         899        1613
         900        1613
         901        1613
         902        1613
         903        1613
         904        1613
         894        1614
         895        1614
         896        1614
         897        1614
         898        1614
         899        1614
         900        1614
         901        1614
         902        1614
         894        1615
         895        1615
         896        1615
         897        1615
         898        1615
         899        1615
         900        1615
         894        1616
         895        1616
         896        1616
         897        1616
         895        1617
         930        1601
         928        1602
         929        1602
         930        1602
         931        1602
         926        1603
         927        1603
         928        1603
         929        1603
         930        1603
         931        1603
         924        1604
         925        1604
         926        1604
         927        1604
         928        1604
         929        1604
         930        1604
         931        1604
         932        1604
         922        1605
         923        1605
         924        1605
         925        1605
         926        1605
         927        1605
         928        1605
         929        1605
         930        1605
         931        1605
         932        1605
         920        1606
         921        1606
         922        1606
         923        1606
         924        1606
         925        1606
         926        1606
         927        1606
         928        1606
         929        1606
         930        1606
         931        1606
         932        1606
         933        1606
         918        1607
         919        1607
         920        1607
         921        1607
         922        1607
         923        1607
         924        1607
         925        1607
         926        1607
         927        1607
         928        1607
         929        1607
         930        1607
         931        1607
         932        1607
         933        1607
         916        1608
         917        1608
         918        1608
         919        1608
         920        1608
         921        1608
         922        1608
         923        1608
         924        1608
         925        1608
         926        1608
         927        1608
         928        1608
         929        1608
         930        1608
         931        1608
         932        1608
         933        1608
         934        1608
         914        1609
         915        1609
         916        1609
         917        1609
         918        1609
         919        1609
         920        1609
         921        1609
         922        1609
         923        1609
         924        1609
         925        1609
         926        1609
         927        1609
         928        1609
         929        1609
         930        1609
         931        1609
         932        1609
         933        1609
         934        1609
         913        1610
         914        1610
         915        1610
         916        1610
         917        1610
         918        1610
         919        1610
         920        1610
         921        1610
         922        1610
         923        1610
         924        1610
         925        1610
         926        1610
         927        1610
         928        1610
         929        1610
         930        1610
         931        1610
         932        1610
         933        1610
         934        1610
         935        1610
         914        1611
         915        1611
         916        1611
         917        1611
         918        1611
         919        1611
         920        1611
         921        1611
         922        1611
         923        1611
         924        1611
         925        1611
         926        1611
         927        1611
         928        1611
         929        1611
         930        1611
         931        1611
         932        1611
         933        1611
         934        1611
         935        1611
         914        1612
         915        1612
         916        1612
         917        1612
         918        1612
         919        1612
         920        1612
         921        1612
         922        1612
         923        1612
         924        1612
         925        1612
         926        1612
         927        1612
         928        1612
         929        1612
         930        1612
         931        1612
         932        1612
         933        1612
         934        1612
         935        1612
         915        1613
         916        1613
         917        1613
         918        1613
         919        1613
         920        1613
         921        1613
         922        1613
         923        1613
         924        1613
         925        1613
         926        1613
         927        1613
         928        1613
         929        1613
         930        1613
         931        1613
         932        1613
         933        1613
         934        1613
         935        1613
         936        1613
         915        1614
         916        1614
         917        1614
         918        1614
         919        1614
         920        1614
         921        1614
         922        1614
         923        1614
         924        1614
         925        1614
         926        1614
         927        1614
         928        1614
         929        1614
         930        1614
         931        1614
         932        1614
         933        1614
         934        1614
         935        1614
         936        1614
         915        1615
         916        1615
         917        1615
         918        1615
         919        1615
         920        1615
         921        1615
         922        1615
         923        1615
         924        1615
         925        1615
         926        1615
         927        1615
         928        1615
         929        1615
         930        1615
         931        1615
         932        1615
         933        1615
         934        1615
         935        1615
         936        1615
         937        1615
         916        1616
         917        1616
         918        1616
         919        1616
         920        1616
         921        1616
         922        1616
         923        1616
         924        1616
         925        1616
         926        1616
         927        1616
         928        1616
         929        1616
         930        1616
         931        1616
         932        1616
         933        1616
         934        1616
         935        1616
         936        1616
         937        1616
         916        1617
         917        1617
         918        1617
         919        1617
         920        1617
         921        1617
         922        1617
         923        1617
         924        1617
         925        1617
         926        1617
         927        1617
         928        1617
         929        1617
         930        1617
         931        1617
         932        1617
         933        1617
         934        1617
         935        1617
         936        1617
         937        1617
         938        1617
         917        1618
         918        1618
         919        1618
         920        1618
         921        1618
         922        1618
         923        1618
         924        1618
         925        1618
         926        1618
         927        1618
         928        1618
         929        1618
         930        1618
         931        1618
         932        1618
         933        1618
         934        1618
         935        1618
         936        1618
         937        1618
         938        1618
         917        1619
         918        1619
         919        1619
         920        1619
         921        1619
         922        1619
         923        1619
         924        1619
         925        1619
         926        1619
         927        1619
         928        1619
         929        1619
         930        1619
         931        1619
         932        1619
         933        1619
         934        1619
         935        1619
         936        1619
         937        1619
         938        1619
         939        1619
         918        1620
         919        1620
         920        1620
         921        1620
         922        1620
         923        1620
         924        1620
         925        1620
         926        1620
         927        1620
         928        1620
         929        1620
         930        1620
         931        1620
         932        1620
         933        1620
         934        1620
         935        1620
         936        1620
         937        1620
         938        1620
         918        1621
         919        1621
         920        1621
         921        1621
         922        1621
         923        1621
         924        1621
         925        1621
         926        1621
         927        1621
         928        1621
         929        1621
         930        1621
         931        1621
         932        1621
         933        1621
         934        1621
         935        1621
         919        1622
         920        1622
         921        1622
         922        1622
         923        1622
         924        1622
         925        1622
         926        1622
         927        1622
         928        1622
         929        1622
         930        1622
         931        1622
         932        1622
         933        1622
         919        1623
         920        1623
         921        1623
         922        1623
         923        1623
         924        1623
         925        1623
         926        1623
         927        1623
         928        1623
         929        1623
         930        1623
         931        1623
         919        1624
         920        1624
         921        1624
         922        1624
         923        1624
         924        1624
         925        1624
         926        1624
         927        1624
         928        1624
         920        1625
         921        1625
         922        1625
         923        1625
         924        1625
         925        1625
         926        1625
         920        1626
         921        1626
         922        1626
         923        1626
         924        1626
         921        1627
         922        1583
         920        1584
         921        1584
         922        1584
         923        1584
         917        1585
         918        1585
         919        1585
         920        1585
         921        1585
         922        1585
         923        1585
         915        1586
         916        1586
         917        1586
         918        1586
         919        1586
         920        1586
         921        1586
         922        1586
         923        1586
         924        1586
         913        1587
         914        1587
         915        1587
         916        1587
         917        1587
         918        1587
         919        1587
         920        1587
         921        1587
         922        1587
         923        1587
         924        1587
         911        1588
         912        1588
         913        1588
         914        1588
         915        1588
         916        1588
         917        1588
         918        1588
         919        1588
         920        1588
         921        1588
         922        1588
         923        1588
         924        1588
         908        1589
         909        1589
         910        1589
         911        1589
         912        1589
         913        1589
         914        1589
         915        1589
         916        1589
         917        1589
         918        1589
         919        1589
         920        1589
         921        1589
         922        1589
         923        1589
         924        1589
         925        1589
         906        1590
         907        1590
         908        1590
         909        1590
         910        1590
         911        1590
         912        1590
         913        1590
         914        1590
         915        1590
         916        1590
         917        1590
         918        1590
         919        1590
         920        1590
         921        1590
         922        1590
         923        1590
         924        1590
         925        1590
         905        1591
         906        1591
         907        1591
         908        1591
         909        1591
         910        1591
         911        1591
         912        1591
         913        1591
         914        1591
         915        1591
         916        1591
         917        1591
         918        1591
         919        1591
         920        1591
         921        1591
         922        1591
         923        1591
         924        1591
         925        1591
         926        1591
         906        1592
         907        1592
         908        1592
         909        1592
         910        1592
         911        1592
         912        1592
         913        1592
         914        1592
         915        1592
         916        1592
         917        1592
         918        1592
         919        1592
         920        1592
         921        1592
         922        1592
         923        1592
         924        1592
         925        1592
         926        1592
         906        1593
         907        1593
         908        1593
         909        1593
         910        1593
         911        1593
         912        1593
         913        1593
         914        1593
         915        1593
         916        1593
         917        1593
         918        1593
         919        1593
         920        1593
         921        1593
         922        1593
         923        1593
         924        1593
         925        1593
         926        1593
         927        1593
         906        1594
         907        1594
         908        1594
         909        1594
         910        1594
         911        1594
         912        1594
         913        1594
         914        1594
         915        1594
         916        1594
         917        1594
         918        1594
         919        1594
         920        1594
         921        1594
         922        1594
         923        1594
         924        1594
         925        1594
         926        1594
         927        1594
         907        1595
         908        1595
         909        1595
         910        1595
         911        1595
         912        1595
         913        1595
         914        1595
         915        1595
         916        1595
         917        1595
         918        1595
         919        1595
         920        1595
         921        1595
         922        1595
         923        1595
         924        1595
         925        1595
         926        1595
         927        1595
         928        1595
         907        1596
         908        1596
         909        1596
         910        1596
         911        1596
         912        1596
         913        1596
         914        1596
         915        1596
         916        1596
         917        1596
         918        1596
         919        1596
         920        1596
         921        1596
         922        1596
         923        1596
         924        1596
         925        1596
         926        1596
         927        1596
         928        1596
         908        1597
         909        1597
         910        1597
         911        1597
         912        1597
         913        1597
         914        1597
         915        1597
         916        1597
         917        1597
         918        1597
         919        1597
         920        1597
         921        1597
         922        1597
         923        1597
         924        1597
         925        1597
         926        1597
         927        1597
         928        1597
         908        1598
         909        1598
         910        1598
         911        1598
         912        1598
         913        1598
         914        1598
         915        1598
         916        1598
         917        1598
         918        1598
         919        1598
         920        1598
         921        1598
         922        1598
         923        1598
         924        1598
         925        1598
         926        1598
         927        1598
         928        1598
         929        1598
         909        1599
         910        1599
         911        1599
         912        1599
         913        1599
         914        1599
         915        1599
         916        1599
         917        1599
         918        1599
         919        1599
         920        1599
         921        1599
         922        1599
         923        1599
         924        1599
         925        1599
         926        1599
         927        1599
         928        1599
         929        1599
         909        1600
         910        1600
         911        1600
         912        1600
         913        1600
         914        1600
         915        1600
         916        1600
         917        1600
         918        1600
         919        1600
         920        1600
         921        1600
         922        1600
         923        1600
         924        1600
         925        1600
         926        1600
         927        1600
         928        1600
         929        1600
         930        1600
         909        1601
         910        1601
         911        1601
         912        1601
         913        1601
         914        1601
         915        1601
         916        1601
         917        1601
         918        1601
         919        1601
         920        1601
         921        1601
         922        1601
         923        1601
         924        1601
         925        1601
         926        1601
         927        1601
         928        1601
         929        1601
         910        1602
         911        1602
         912        1602
         913        1602
         914        1602
         915        1602
         916        1602
         917        1602
         918        1602
         919        1602
         920        1602
         921        1602
         922        1602
         923        1602
         924        1602
         925        1602
         926        1602
         927        1602
         910        1603
         911        1603
         912        1603
         913        1603
         914        1603
         915        1603
         916        1603
         917        1603
         918        1603
         919        1603
         920        1603
         921        1603
         922        1603
         923        1603
         924        1603
         925        1603
         911        1604
         912        1604
         913        1604
         914        1604
         915        1604
         916        1604
         917        1604
         918        1604
         919        1604
         920        1604
         921        1604
         922        1604
         923        1604
         911        1605
         912        1605
         913        1605
         914        1605
         915        1605
         916        1605
         917        1605
         918        1605
         919        1605
         920        1605
         921        1605
         912        1606
         913        1606
         914        1606
         915        1606
         916        1606
         917        1606
         918        1606
         919        1606
         912        1607
         913        1607
         914        1607
         915        1607
         916        1607
         917        1607
         912        1608
         913        1608
         914        1608
         915        1608
         913        1609
