         809        1359
         807        1360
         808        1360
         809        1360
         810        1360
         804        1361
         805        1361
         806        1361
         807        1361
         808        1361
         809        1361
         810        1361
         802        1362
         803        1362
         804        1362
         805        1362
         806        1362
         807        1362
         808        1362
         809        1362
         810        1362
         811        1362
         800        1363
         801        1363
         802        1363
         803        1363
         804        1363
         805        1363
         806        1363
         807        1363
         808        1363
         809        1363
         810        1363
         811        1363
         798        1364
         799        1364
         800        1364
         801        1364
         802        1364
         803        1364
         804        1364
         805        1364
         806        1364
         807        1364
         808        1364
         809        1364
         810        1364
         811        1364
         795        1365
         796        1365
         797        1365
         798        1365
         799        1365
         800        1365
         801        1365
         802        1365
         803        1365
         804        1365
         805        1365
         806        1365
         807        1365
         808        1365
         809        1365
         810        1365
         811        1365
         812        1365
         793        1366
         794        1366
         795        1366
         796        1366
         797        1366
         798        1366
         799        1366
         800        1366
         801        1366
         802        1366
         803        1366
         804        1366
         805        1366
         806        1366
         807        1366
         808        1366
         809        1366
         810        1366
         811        1366
         812        1366
         792        1367
         793        1367
         794        1367
         795        1367
         796        1367
         797        1367
         798        1367
         799        1367
         800        1367
         801        1367
         802        1367
         803        1367
         804        1367
         805        1367
         806        1367
         807        1367
         808        1367
         809        1367
         810        1367
         811        1367
         812        1367
         813        1367
         793        1368
         794        1368
         795        1368
         796        1368
         797        1368
         798        1368
         799        1368
         800        1368
         801        1368
         802        1368
         803        1368
         804        1368
         805        1368
         806        1368
         807        1368
         808        1368
         809        1368
         810        1368
         811        1368
         812        1368
         813        1368
         793        1369
         794        1369
         795        1369
         796        1369
         797        1369
         798        1369
         799        1369
         800        1369
         801        1369
         802        1369
         803        1369
         804        1369
         805        1369
         806        1369
         807        1369
         808        1369
         809        1369
         810        1369
         811        1369
         812        1369
         813        1369
         814        1369
         794        1370
         795        1370
         796        1370
         797        1370
         798        1370
         799        1370
         800        1370
         801        1370
         802        1370
         803        1370
         804        1370
         805        1370
         806        1370
         807        1370
         808        1370
         809        1370
         810        1370
         811        1370
         812        1370
         813        1370
         814        1370
         794        1371
         795        1371
         796        1371
         797        1371
         798        1371
         799        1371
         800        1371
         801        1371
         802        1371
         803        1371
         804        1371
         805        1371
         806        1371
         807        1371
         808        1371
         809        1371
         810        1371
         811        1371
         812        1371
         813        1371
         814        1371
         815        1371
         794        1372
         795        1372
         796        1372
         797        1372
         798        1372
         799        1372
         800        1372
         801        1372
         802        1372
         803        1372
         804        1372
         805        1372
         806        1372
         807        1372
         808        1372
         809        1372
         810        1372
         811        1372
         812        1372
         813        1372
         814        1372
         815        1372
         795        1373
         796        1373
         797        1373
         798        1373
         799        1373
         800        1373
         801        1373
         802        1373
         803        1373
         804        1373
         805        1373
         806        1373
         807        1373
         808        1373
         809        1373
         810        1373
         811        1373
         812        1373
         813        1373
         814        1373
         815        1373
         795        1374
         796        1374
         797        1374
         798        1374
         799        1374
         800        1374
         801        1374
         802        1374
         803        1374
         804        1374
         805        1374
         806        1374
         807        1374
         808        1374
         809        1374
         810        1374
         811        1374
         812        1374
         813        1374
         814        1374
         815        1374
         816        1374
         796        1375
         797        1375
         798        1375
         799        1375
         800        1375
         801        1375
         802        1375
         803        1375
         804        1375
         805        1375
         806        1375
         807        1375
         808        1375
         809        1375
         810        1375
         811        1375
         812        1375
         813        1375
         814        1375
         815        1375
         816        1375
         796        1376
         797        1376
         798        1376
         799        1376
         800        1376
         801        1376
         802        1376
         803        1376
         804        1376
         805        1376
         806        1376
         807        1376
         808        1376
         809        1376
         810        1376
         811        1376
         812        1376
         813        1376
         814        1376
         815        1376
         816        1376
         817        1376
         797        1377
         798        1377
         799        1377
         800        1377
         801        1377
         802        1377
         803        1377
         804        1377
         805        1377
         806        1377
         807        1377
         808        1377
         809        1377
         810        1377
         811        1377
         812        1377
         813        1377
         814        1377
         815        1377
         816        1377
         797        1378
         798        1378
         799        1378
         800        1378
         801        1378
         802        1378
         803        1378
         804        1378
         805        1378
         806        1378
         807        1378
         808        1378
         809        1378
         810        1378
         811        1378
         812        1378
         813        1378
         814        1378
         798        1379
         799        1379
         800        1379
         801        1379
         802        1379
         803        1379
         804        1379
         805        1379
         806        1379
         807        1379
         808        1379
         809        1379
         810        1379
         811        1379
         798        1380
         799        1380
         800        1380
         801        1380
         802        1380
         803        1380
         804        1380
         805        1380
         806        1380
         807        1380
         808        1380
         809        1380
         798        1381
         799        1381
         800        1381
         801        1381
         802        1381
         803        1381
         804        1381
         805        1381
         806        1381
         807        1381
         799        1382
         800        1382
         801        1382
         802        1382
         803        1382
         804        1382
         805        1382
         799        1383
         800        1383
         801        1383
         802        1383
         800        1384
         801        1340
         799        1341
         800        1341
         801        1341
         802        1341
         796        1342
         797        1342
         798        1342
         799        1342
         800        1342
         801        1342
         802        1342
         794        1343
         795        1343
         796        1343
         797        1343
         798        1343
         799        1343
         800        1343
         801        1343
         802        1343
         792        1344
         793        1344
         794        1344
         795        1344
         796        1344
         797        1344
         798        1344
         799        1344
         800        1344
         801        1344
         802        1344
         803        1344
         790        1345
         791        1345
         792        1345
         793        1345
         794        1345
         795        1345
         796        1345
         797        1345
         798        1345
         799        1345
         800        1345
         801        1345
         802        1345
         803        1345
         787        1346
         788        1346
         789        1346
         790        1346
         791        1346
         792        1346
         793        1346
         794        1346
         795        1346
         796        1346
         797        1346
         798        1346
         799        1346
         800        1346
         801        1346
         802        1346
         803        1346
         804        1346
         785        1347
         786        1347
         787        1347
         788        1347
         789        1347
         790        1347
         791        1347
         792        1347
         793        1347
         794        1347
         795        1347
         796        1347
         797        1347
         798        1347
         799        1347
         800        1347
         801        1347
         802        1347
         803        1347
         804        1347
         784        1348
         785        1348
         786        1348
         787        1348
         788        1348
         789        1348
         790        1348
         791        1348
         792        1348
         793        1348
         794        1348
         795        1348
         796        1348
         797        1348
         798        1348
         799        1348
         800        1348
         801        1348
         802        1348
         803        1348
         804        1348
         805        1348
         785        1349
         786        1349
         787        1349
         788        1349
         789        1349
         790        1349
         791        1349
         792        1349
         793        1349
         794        1349
         795        1349
         796        1349
         797        1349
         798        1349
         799        1349
         800        1349
         801        1349
         802        1349
         803        1349
         804        1349
         805        1349
         785        1350
         786        1350
         787        1350
         788        1350
         789        1350
         790        1350
         791        1350
         792        1350
         793        1350
         794        1350
         795        1350
         796        1350
         797        1350
         798        1350
         799        1350
         800        1350
         801        1350
         802        1350
         803        1350
         804        1350
         805        1350
         785        1351
         786        1351
         787        1351
         788        1351
         789        1351
         790        1351
         791        1351
         792        1351
         793        1351
         794        1351
         795        1351
         796        1351
         797        1351
         798        1351
         799        1351
         800        1351
         801        1351
         802        1351
         803        1351
         804        1351
         805        1351
         806        1351
         786        1352
         787        1352
         788        1352
         789        1352
         790        1352
         791        1352
         792        1352
         793        1352
         794        1352
         795        1352
         796        1352
         797        1352
         798        1352
         799        1352
         800        1352
         801        1352
         802        1352
         803        1352
         804        1352
         805        1352
         806        1352
         786        1353
         787        1353
         788        1353
         789        1353
         790        1353
         791        1353
         792        1353
         793        1353
         794        1353
         795        1353
         796        1353
         797        1353
         798        1353
         799        1353
         800        1353
         801        1353
         802        1353
         803        1353
         804        1353
         805        1353
         806        1353
         807        1353
         787        1354
         788        1354
         789        1354
         790        1354
         791        1354
         792        1354
         793        1354
         794        1354
         795        1354
         796        1354
         797        1354
         798        1354
         799        1354
         800        1354
         801        1354
         802        1354
         803        1354
         804        1354
         805        1354
         806        1354
         807        1354
         787        1355
         788        1355
         789        1355
         790        1355
         791        1355
         792        1355
         793        1355
         794        1355
         795        1355
         796        1355
         797        1355
         798        1355
         799        1355
         800        1355
         801        1355
         802        1355
         803        1355
         804        1355
         805        1355
         806        1355
         807        1355
         808        1355
         788        1356
         789        1356
         790        1356
         791        1356
         792        1356
         793        1356
         794        1356
         795        1356
         796        1356
         797        1356
         798        1356
         799        1356
         800        1356
         801        1356
         802        1356
         803        1356
         804        1356
         805        1356
         806        1356
         807        1356
         808        1356
         788        1357
         789        1357
         790        1357
         791        1357
         792        1357
         793        1357
         794        1357
         795        1357
         796        1357
         797        1357
         798        1357
         799        1357
         800        1357
         801        1357
         802        1357
         803        1357
         804        1357
         805        1357
         806        1357
         807        1357
         808        1357
         788        1358
         789        1358
         790        1358
         791        1358
         792        1358
         793        1358
         794        1358
         795        1358
         796        1358
         797        1358
         798        1358
         799        1358
         800        1358
         801        1358
         802        1358
         803        1358
         804        1358
         805        1358
         806        1358
         807        1358
         808        1358
         809        1358
         789        1359
         790        1359
         791        1359
         792        1359
         793        1359
         794        1359
         795        1359
         796        1359
         797        1359
         798        1359
         799        1359
         800        1359
         801        1359
         802        1359
         803        1359
         804        1359
         805        1359
         806        1359
         807        1359
         808        1359
         789        1360
         790        1360
         791        1360
         792        1360
         793        1360
         794        1360
         795        1360
         796        1360
         797        1360
         798        1360
         799        1360
         800        1360
         801        1360
         802        1360
         803        1360
         804        1360
         805        1360
         806        1360
         790        1361
         791        1361
         792        1361
         793        1361
         794        1361
         795        1361
         796        1361
         797        1361
         798        1361
         799        1361
         800        1361
         801        1361
         802        1361
         803        1361
         790        1362
         791        1362
         792        1362
         793        1362
         794        1362
         795        1362
         796        1362
         797        1362
         798        1362
         799        1362
         800        1362
         801        1362
         791        1363
         792        1363
         793        1363
         794        1363
         795        1363
         796        1363
         797        1363
         798        1363
         799        1363
         791        1364
         792        1364
         793        1364
         794        1364
         795        1364
         796        1364
         797        1364
         791        1365
         792        1365
         793        1365
         794        1365
         792        1366
         828        1351
         825        1352
         826        1352
         827        1352
         828        1352
         829        1352
         823        1353
         824        1353
         825        1353
         826        1353
         827        1353
         828        1353
         829        1353
         821        1354
         822        1354
         823        1354
         824        1354
         825        1354
         826        1354
         827        1354
         828        1354
         829        1354
         830        1354
         818        1355
         819        1355
         820        1355
         821        1355
         822        1355
         823        1355
         824        1355
         825        1355
         826        1355
         827        1355
         828        1355
         829        1355
         830        1355
         816        1356
         817        1356
         818        1356
         819        1356
         820        1356
         821        1356
         822        1356
         823        1356
         824        1356
         825        1356
         826        1356
         827        1356
         828        1356
         829        1356
         830        1356
         814        1357
         815        1357
         816        1357
         817        1357
         818        1357
         819        1357
         820        1357
         821        1357
         822        1357
         823        1357
         824        1357
         825        1357
         826        1357
         827        1357
         828        1357
         829        1357
         830        1357
         831        1357
         811        1358
         812        1358
         813        1358
         814        1358
         815        1358
         816        1358
         817        1358
         818        1358
         819        1358
         820        1358
         821        1358
         822        1358
         823        1358
         824        1358
         825        1358
         826        1358
         827        1358
         828        1358
         829        1358
         830        1358
         831        1358
         810        1359
         811        1359
         812        1359
         813        1359
         814        1359
         815        1359
         816        1359
         817        1359
         818        1359
         819        1359
         820        1359
         821        1359
         822        1359
         823        1359
         824        1359
         825        1359
         826        1359
         827        1359
         828        1359
         829        1359
         830        1359
         831        1359
         832        1359
         811        1360
         812        1360
         813        1360
         814        1360
         815        1360
         816        1360
         817        1360
         818        1360
         819        1360
         820        1360
         821        1360
         822        1360
         823        1360
         824        1360
         825        1360
         826        1360
         827        1360
         828        1360
         829        1360
         830        1360
         831        1360
         832        1360
         811        1361
         812        1361
         813        1361
         814        1361
         815        1361
         816        1361
         817        1361
         818        1361
         819        1361
         820        1361
         821        1361
         822        1361
         823        1361
         824        1361
         825        1361
         826        1361
         827        1361
         828        1361
         829        1361
         830        1361
         831        1361
         832        1361
         833        1361
         812        1362
         813        1362
         814        1362
         815        1362
         816        1362
         817        1362
         818        1362
         819        1362
         820        1362
         821        1362
         822        1362
         823        1362
         824        1362
         825        1362
         826        1362
         827        1362
         828        1362
         829        1362
         830        1362
         831        1362
         832        1362
         833        1362
         812        1363
         813        1363
         814        1363
         815        1363
         816        1363
         817        1363
         818        1363
         819        1363
         820        1363
         821        1363
         822        1363
         823        1363
         824        1363
         825        1363
         826        1363
         827        1363
         828        1363
         829        1363
         830        1363
         831        1363
         832        1363
         833        1363
         834        1363
         812        1364
         813        1364
         814        1364
         815        1364
         816        1364
         817        1364
         818        1364
         819        1364
         820        1364
         821        1364
         822        1364
         823        1364
         824        1364
         825        1364
         826        1364
         827        1364
         828        1364
         829        1364
         830        1364
         831        1364
         832        1364
         833        1364
         834        1364
         813        1365
         814        1365
         815        1365
         816        1365
         817        1365
         818        1365
         819        1365
         820        1365
         821        1365
         822        1365
         823        1365
         824        1365
         825        1365
         826        1365
         827        1365
         828        1365
         829        1365
         830        1365
         831        1365
         832        1365
         833        1365
         834        1365
         813        1366
         814        1366
         815        1366
         816        1366
         817        1366
         818        1366
         819        1366
         820        1366
         821        1366
         822        1366
         823        1366
         824        1366
         825        1366
         826        1366
         827        1366
         828        1366
         829        1366
         830        1366
         831        1366
         832        1366
         833        1366
         834        1366
         835        1366
         814        1367
         815        1367
         816        1367
         817        1367
         818        1367
         819        1367
         820        1367
         821        1367
         822        1367
         823        1367
         824        1367
         825        1367
         826        1367
         827        1367
         828        1367
         829        1367
         830        1367
         831        1367
         832        1367
         833        1367
         834        1367
         835        1367
         814        1368
         815        1368
         816        1368
         817        1368
         818        1368
         819        1368
         820        1368
         821        1368
         822        1368
         823        1368
         824        1368
         825        1368
         826        1368
         827        1368
         828        1368
         829        1368
         830        1368
         831        1368
         832        1368
         833        1368
         834        1368
         835        1368
         836        1368
         815        1369
         816        1369
         817        1369
         818        1369
         819        1369
         820        1369
         821        1369
         822        1369
         823        1369
         824        1369
         825        1369
         826        1369
         827        1369
         828        1369
         829        1369
         830        1369
         831        1369
         832        1369
         833        1369
         834        1369
         835        1369
         815        1370
         816        1370
         817        1370
         818        1370
         819        1370
         820        1370
         821        1370
         822        1370
         823        1370
         824        1370
         825        1370
         826        1370
         827        1370
         828        1370
         829        1370
         830        1370
         831        1370
         832        1370
         816        1371
         817        1371
         818        1371
         819        1371
         820        1371
         821        1371
         822        1371
         823        1371
         824        1371
         825        1371
         826        1371
         827        1371
         828        1371
         829        1371
         830        1371
         816        1372
         817        1372
         818        1372
         819        1372
         820        1372
         821        1372
         822        1372
         823        1372
         824        1372
         825        1372
         826        1372
         827        1372
         828        1372
         816        1373
         817        1373
         818        1373
         819        1373
         820        1373
         821        1373
         822        1373
         823        1373
         824        1373
         825        1373
         817        1374
         818        1374
         819        1374
         820        1374
         821        1374
         822        1374
         823        1374
         817        1375
         818        1375
         819        1375
         820        1375
         821        1375
         818        1376
         820        1332
         817        1333
         818        1333
         819        1333
         820        1333
         821        1333
         815        1334
         816        1334
         817        1334
         818        1334
         819        1334
         820        1334
         821        1334
         813        1335
         814        1335
         815        1335
         816        1335
         817        1335
         818        1335
         819        1335
         820        1335
         821        1335
         810        1336
         811        1336
         812        1336
         813        1336
         814        1336
         815        1336
         816        1336
         817        1336
         818        1336
         819        1336
         820        1336
         821        1336
         822        1336
         808        1337
         809        1337
         810        1337
         811        1337
         812        1337
         813        1337
         814        1337
         815        1337
         816        1337
         817        1337
         818        1337
         819        1337
         820        1337
         821        1337
         822        1337
         806        1338
         807        1338
         808        1338
         809        1338
         810        1338
         811        1338
         812        1338
         813        1338
         814        1338
         815        1338
         816        1338
         817        1338
         818        1338
         819        1338
         820        1338
         821        1338
         822        1338
         823        1338
         803        1339
         804        1339
         805        1339
         806        1339
         807        1339
         808        1339
         809        1339
         810        1339
         811        1339
         812        1339
         813        1339
         814        1339
         815        1339
         816        1339
         817        1339
         818        1339
         819        1339
         820        1339
         821        1339
         822        1339
         823        1339
         802        1340
         803        1340
         804        1340
         805        1340
         806        1340
         807        1340
         808        1340
         809        1340
         810        1340
         811        1340
         812        1340
         813        1340
         814        1340
         815        1340
         816        1340
         817        1340
         818        1340
         819        1340
         820        1340
         821        1340
         822        1340
         823        1340
         824        1340
         803        1341
         804        1341
         805        1341
         806        1341
         807        1341
         808        1341
         809        1341
         810        1341
         811        1341
         812        1341
         813        1341
         814        1341
         815        1341
         816        1341
         817        1341
         818        1341
         819        1341
         820        1341
         821        1341
         822        1341
         823        1341
         824        1341
         803        1342
         804        1342
         805        1342
         806        1342
         807        1342
         808        1342
         809        1342
         810        1342
         811        1342
         812        1342
         813        1342
         814        1342
         815        1342
         816        1342
         817        1342
         818        1342
         819        1342
         820        1342
         821        1342
         822        1342
         823        1342
         824        1342
         803        1343
         804        1343
         805        1343
         806        1343
         807        1343
         808        1343
         809        1343
         810        1343
         811        1343
         812        1343
         813        1343
         814        1343
         815        1343
         816        1343
         817        1343
         818        1343
         819        1343
         820        1343
         821        1343
         822        1343
         823        1343
         824        1343
         825        1343
         804        1344
         805        1344
         806        1344
         807        1344
         808        1344
         809        1344
         810        1344
         811        1344
         812        1344
         813        1344
         814        1344
         815        1344
         816        1344
         817        1344
         818        1344
         819        1344
         820        1344
         821        1344
         822        1344
         823        1344
         824        1344
         825        1344
         804        1345
         805        1345
         806        1345
         807        1345
         808        1345
         809        1345
         810        1345
         811        1345
         812        1345
         813        1345
         814        1345
         815        1345
         816        1345
         817        1345
         818        1345
         819        1345
         820        1345
         821        1345
         822        1345
         823        1345
         824        1345
         825        1345
         826        1345
         805        1346
         806        1346
         807        1346
         808        1346
         809        1346
         810        1346
         811        1346
         812        1346
         813        1346
         814        1346
         815        1346
         816        1346
         817        1346
         818        1346
         819        1346
         820        1346
         821        1346
         822        1346
         823        1346
         824        1346
         825        1346
         826        1346
         805        1347
         806        1347
         807        1347
         808        1347
         809        1347
         810        1347
         811        1347
         812        1347
         813        1347
         814        1347
         815        1347
         816        1347
         817        1347
         818        1347
         819        1347
         820        1347
         821        1347
         822        1347
         823        1347
         824        1347
         825        1347
         826        1347
         827        1347
         806        1348
         807        1348
         808        1348
         809        1348
         810        1348
         811        1348
         812        1348
         813        1348
         814        1348
         815        1348
         816        1348
         817        1348
         818        1348
         819        1348
         820        1348
         821        1348
         822        1348
         823        1348
         824        1348
         825        1348
         826        1348
         827        1348
         806        1349
         807        1349
         808        1349
         809        1349
         810        1349
         811        1349
         812        1349
         813        1349
         814        1349
         815        1349
         816        1349
         817        1349
         818        1349
         819        1349
         820        1349
         821        1349
         822        1349
         823        1349
         824        1349
         825        1349
         826        1349
         827        1349
         806        1350
         807        1350
         808        1350
         809        1350
         810        1350
         811        1350
         812        1350
         813        1350
         814        1350
         815        1350
         816        1350
         817        1350
         818        1350
         819        1350
         820        1350
         821        1350
         822        1350
         823        1350
         824        1350
         825        1350
         826        1350
         827        1350
         828        1350
         807        1351
         808        1351
         809        1351
         810        1351
         811        1351
         812        1351
         813        1351
         814        1351
         815        1351
         816        1351
         817        1351
         818        1351
         819        1351
         820        1351
         821        1351
         822        1351
         823        1351
         824        1351
         825        1351
         826        1351
         827        1351
         807        1352
         808        1352
         809        1352
         810        1352
         811        1352
         812        1352
         813        1352
         814        1352
         815        1352
         816        1352
         817        1352
         818        1352
         819        1352
         820        1352
         821        1352
         822        1352
         823        1352
         824        1352
         808        1353
         809        1353
         810        1353
         811        1353
         812        1353
         813        1353
         814        1353
         815        1353
         816        1353
         817        1353
         818        1353
         819        1353
         820        1353
         821        1353
         822        1353
         808        1354
         809        1354
         810        1354
         811        1354
         812        1354
         813        1354
         814        1354
         815        1354
         816        1354
         817        1354
         818        1354
         819        1354
         820        1354
         809        1355
         810        1355
         811        1355
         812        1355
         813        1355
         814        1355
         815        1355
         816        1355
         817        1355
         809        1356
         810        1356
         811        1356
         812        1356
         813        1356
         814        1356
         815        1356
         809        1357
         810        1357
         811        1357
         812        1357
         813        1357
         810        1358
