         782        1295
         780        1296
         781        1296
         782        1296
         783        1296
         777        1297
         778        1297
         779        1297
         780        1297
         781        1297
         782        1297
         783        1297
         775        1298
         776        1298
         777        1298
         778        1298
         779        1298
         780        1298
         781        1298
         782        1298
         783        1298
         784        1298
         773        1299
         774        1299
         775        1299
         776        1299
         777        1299
         778        1299
         779        1299
         780        1299
         781        1299
         782        1299
         783        1299
         784        1299
         771        1300
         772        1300
         773        1300
         774        1300
         775        1300
         776        1300
         777        1300
         778        1300
         779        1300
         780        1300
         781        1300
         782        1300
         783        1300
         784        1300
         768        1301
         769        1301
         770        1301
         771        1301
         772        1301
         773        1301
         774        1301
         775        1301
         776        1301
         777        1301
         778        1301
         779        1301
         780        1301
         781        1301
         782        1301
         783        1301
         784        1301
         785        1301
         766        1302
         767        1302
         768        1302
         769        1302
         770        1302
         771        1302
         772        1302
         773        1302
         774        1302
         775        1302
         776        1302
         777        1302
         778        1302
         779        1302
         780        1302
         781        1302
         782        1302
         783        1302
         784        1302
         785        1302
         765        1303
         766        1303
         767        1303
         768        1303
         769        1303
         770        1303
         771        1303
         772        1303
         773        1303
         774        1303
         775        1303
         776        1303
         777        1303
         778        1303
         779        1303
         780        1303
         781        1303
         782        1303
         783        1303
         784        1303
         785        1303
         786        1303
         766        1304
         767        1304
         768        1304
         769        1304
         770        1304
         771        1304
         772        1304
         773        1304
         774        1304
         775        1304
         776        1304
         777        1304
         778        1304
         779        1304
         780        1304
         781        1304
         782        1304
         783        1304
         784        1304
         785        1304
         786        1304
         766        1305
         767        1305
         768        1305
         769        1305
         770        1305
         771        1305
         772        1305
         773        1305
         774        1305
         775        1305
         776        1305
         777        1305
         778        1305
         779        1305
         780        1305
         781        1305
         782        1305
         783        1305
         784        1305
         785        1305
         786        1305
         787        1305
         767        1306
         768        1306
         769        1306
         770        1306
         771        1306
         772        1306
         773        1306
         774        1306
         775        1306
         776        1306
         777        1306
         778        1306
         779        1306
         780        1306
         781        1306
         782        1306
         783        1306
         784        1306
         785        1306
         786        1306
         787        1306
         767        1307
         768        1307
         769        1307
         770        1307
         771        1307
         772        1307
         773        1307
         774        1307
         775        1307
         776        1307
         777        1307
         778        1307
         779        1307
         780        1307
         781        1307
         782        1307
         783        1307
         784        1307
         785        1307
         786        1307
         787        1307
         788        1307
         767        1308
         768        1308
         769        1308
         770        1308
         771        1308
         772        1308
         773        1308
         774        1308
         775        1308
         776        1308
         777        1308
         778        1308
         779        1308
         780        1308
         781        1308
         782        1308
         783        1308
         784        1308
         785        1308
         786        1308
         787        1308
         788        1308
         768        1309
         769        1309
         770        1309
         771        1309
         772        1309
         773        1309
         774        1309
         775        1309
         776        1309
         777        1309
         778        1309
         779        1309
         780        1309
         781        1309
         782        1309
         783        1309
         784        1309
         785        1309
         786        1309
         787        1309
         788        1309
         768        1310
         769        1310
         770        1310
         771        1310
         772        1310
         773        1310
         774        1310
         775        1310
         776        1310
         777        1310
         778        1310
         779        1310
         780        1310
         781        1310
         782        1310
         783        1310
         784        1310
         785        1310
         786        1310
         787        1310
         788        1310
         789        1310
         769        1311
         770        1311
         771        1311
         772        1311
         773        1311
         774        1311
         775        1311
         776        1311
         777        1311
         778        1311
         779        1311
         780        1311
         781        1311
         782        1311
         783        1311
         784        1311
         785        1311
         786        1311
         787        1311
         788        1311
         789        1311
         769        1312
         770        1312
         771        1312
         772        1312
         773        1312
         774        1312
         775        1312
         776        1312
         777        1312
         778        1312
         779        1312
         780        1312
         781        1312
         782        1312
         783        1312
         784        1312
         785        1312
         786        1312
         787        1312
         788        1312
         789        1312
         790        1312
         770        1313
         771        1313
         772        1313
         773        1313
         774        1313
         775        1313
         776        1313
         777        1313
         778        1313
         779        1313
         780        1313
         781        1313
         782        1313
         783        1313
         784        1313
         785        1313
         786        1313
         787        1313
         788        1313
         789        1313
         770        1314
         771        1314
         772        1314
         773        1314
         774        1314
         775        1314
         776        1314
         777        1314
         778        1314
         779        1314
         780        1314
         781        1314
         782        1314
         783        1314
         784        1314
         785        1314
         786        1314
         787        1314
         771        1315
         772        1315
         773        1315
         774        1315
         775        1315
         776        1315
         777        1315
         778        1315
         779        1315
         780        1315
         781        1315
         782        1315
         783        1315
         784        1315
         771        1316
         772        1316
         773        1316
         774        1316
         775        1316
         776        1316
         777        1316
         778        1316
         779        1316
         780        1316
         781        1316
         782        1316
         771        1317
         772        1317
         773        1317
         774        1317
         775        1317
         776        1317
         777        1317
         778        1317
         779        1317
         780        1317
         772        1318
         773        1318
         774        1318
         775        1318
         776        1318
         777        1318
         778        1318
         772        1319
         773        1319
         774        1319
         775        1319
         773        1320
         774        1277
         771        1278
         772        1278
         773        1278
         774        1278
         775        1278
         769        1279
         770        1279
         771        1279
         772        1279
         773        1279
         774        1279
         775        1279
         767        1280
         768        1280
         769        1280
         770        1280
         771        1280
         772        1280
         773        1280
         774        1280
         775        1280
         776        1280
         764        1281
         765        1281
         766        1281
         767        1281
         768        1281
         769        1281
         770        1281
         771        1281
         772        1281
         773        1281
         774        1281
         775        1281
         776        1281
         762        1282
         763        1282
         764        1282
         765        1282
         766        1282
         767        1282
         768        1282
         769        1282
         770        1282
         771        1282
         772        1282
         773        1282
         774        1282
         775        1282
         776        1282
         760        1283
         761        1283
         762        1283
         763        1283
         764        1283
         765        1283
         766        1283
         767        1283
         768        1283
         769        1283
         770        1283
         771        1283
         772        1283
         773        1283
         774        1283
         775        1283
         776        1283
         777        1283
         757        1284
         758        1284
         759        1284
         760        1284
         761        1284
         762        1284
         763        1284
         764        1284
         765        1284
         766        1284
         767        1284
         768        1284
         769        1284
         770        1284
         771        1284
         772        1284
         773        1284
         774        1284
         775        1284
         776        1284
         777        1284
         756        1285
         757        1285
         758        1285
         759        1285
         760        1285
         761        1285
         762        1285
         763        1285
         764        1285
         765        1285
         766        1285
         767        1285
         768        1285
         769        1285
         770        1285
         771        1285
         772        1285
         773        1285
         774        1285
         775        1285
         776        1285
         777        1285
         778        1285
         757        1286
         758        1286
         759        1286
         760        1286
         761        1286
         762        1286
         763        1286
         764        1286
         765        1286
         766        1286
         767        1286
         768        1286
         769        1286
         770        1286
         771        1286
         772        1286
         773        1286
         774        1286
         775        1286
         776        1286
         777        1286
         778        1286
         757        1287
         758        1287
         759        1287
         760        1287
         761        1287
         762        1287
         763        1287
         764        1287
         765        1287
         766        1287
         767        1287
         768        1287
         769        1287
         770        1287
         771        1287
         772        1287
         773        1287
         774        1287
         775        1287
         776        1287
         777        1287
         778        1287
         779        1287
         758        1288
         759        1288
         760        1288
         761        1288
         762        1288
         763        1288
         764        1288
         765        1288
         766        1288
         767        1288
         768        1288
         769        1288
         770        1288
         771        1288
         772        1288
         773        1288
         774        1288
         775        1288
         776        1288
         777        1288
         778        1288
         779        1288
         758        1289
         759        1289
         760        1289
         761        1289
         762        1289
         763        1289
         764        1289
         765        1289
         766        1289
         767        1289
         768        1289
         769        1289
         770        1289
         771        1289
         772        1289
         773        1289
         774        1289
         775        1289
         776        1289
         777        1289
         778        1289
         779        1289
         780        1289
         759        1290
         760        1290
         761        1290
         762        1290
         763        1290
         764        1290
         765        1290
         766        1290
         767        1290
         768        1290
         769        1290
         770        1290
         771        1290
         772        1290
         773        1290
         774        1290
         775        1290
         776        1290
         777        1290
         778        1290
         779        1290
         780        1290
         759        1291
         760        1291
         761        1291
         762        1291
         763        1291
         764        1291
         765        1291
         766        1291
         767        1291
         768        1291
         769        1291
         770        1291
         771        1291
         772        1291
         773        1291
         774        1291
         775        1291
         776        1291
         777        1291
         778        1291
         779        1291
         780        1291
         760        1292
         761        1292
         762        1292
         763        1292
         764        1292
         765        1292
         766        1292
         767        1292
         768        1292
         769        1292
         770        1292
         771        1292
         772        1292
         773        1292
         774        1292
         775        1292
         776        1292
         777        1292
         778        1292
         779        1292
         780        1292
         781        1292
         760        1293
         761        1293
         762        1293
         763        1293
         764        1293
         765        1293
         766        1293
         767        1293
         768        1293
         769        1293
         770        1293
         771        1293
         772        1293
         773        1293
         774        1293
         775        1293
         776        1293
         777        1293
         778        1293
         779        1293
         780        1293
         781        1293
         761        1294
         762        1294
         763        1294
         764        1294
         765        1294
         766        1294
         767        1294
         768        1294
         769        1294
         770        1294
         771        1294
         772        1294
         773        1294
         774        1294
         775        1294
         776        1294
         777        1294
         778        1294
         779        1294
         780        1294
         781        1294
         782        1294
         761        1295
         762        1295
         763        1295
         764        1295
         765        1295
         766        1295
         767        1295
         768        1295
         769        1295
         770        1295
         771        1295
         772        1295
         773        1295
         774        1295
         775        1295
         776        1295
         777        1295
         778        1295
         779        1295
         780        1295
         781        1295
         762        1296
         763        1296
         764        1296
         765        1296
         766        1296
         767        1296
         768        1296
         769        1296
         770        1296
         771        1296
         772        1296
         773        1296
         774        1296
         775        1296
         776        1296
         777        1296
         778        1296
         779        1296
         762        1297
         763        1297
         764        1297
         765        1297
         766        1297
         767        1297
         768        1297
         769        1297
         770        1297
         771        1297
         772        1297
         773        1297
         774        1297
         775        1297
         776        1297
         763        1298
         764        1298
         765        1298
         766        1298
         767        1298
         768        1298
         769        1298
         770        1298
         771        1298
         772        1298
         773        1298
         774        1298
         763        1299
         764        1299
         765        1299
         766        1299
         767        1299
         768        1299
         769        1299
         770        1299
         771        1299
         772        1299
         764        1300
         765        1300
         766        1300
         767        1300
         768        1300
         769        1300
         770        1300
         764        1301
         765        1301
         766        1301
         767        1301
         765        1302
         800        1287
         798        1288
         799        1288
         800        1288
         801        1288
         795        1289
         796        1289
         797        1289
         798        1289
         799        1289
         800        1289
         801        1289
         793        1290
         794        1290
         795        1290
         796        1290
         797        1290
         798        1290
         799        1290
         800        1290
         801        1290
         802        1290
         791        1291
         792        1291
         793        1291
         794        1291
         795        1291
         796        1291
         797        1291
         798        1291
         799        1291
         800        1291
         801        1291
         802        1291
         789        1292
         790        1292
         791        1292
         792        1292
         793        1292
         794        1292
         795        1292
         796        1292
         797        1292
         798        1292
         799        1292
         800        1292
         801        1292
         802        1292
         786        1293
         787        1293
         788        1293
         789        1293
         790        1293
         791        1293
         792        1293
         793        1293
         794        1293
         795        1293
         796        1293
         797        1293
         798        1293
         799        1293
         800        1293
         801        1293
         802        1293
         803        1293
         784        1294
         785        1294
         786        1294
         787        1294
         788        1294
         789        1294
         790        1294
         791        1294
         792        1294
         793        1294
         794        1294
         795        1294
         796        1294
         797        1294
         798        1294
         799        1294
         800        1294
         801        1294
         802        1294
         803        1294
         783        1295
         784        1295
         785        1295
         786        1295
         787        1295
         788        1295
         789        1295
         790        1295
         791        1295
         792        1295
         793        1295
         794        1295
         795        1295
         796        1295
         797        1295
         798        1295
         799        1295
         800        1295
         801        1295
         802        1295
         803        1295
         804        1295
         784        1296
         785        1296
         786        1296
         787        1296
         788        1296
         789        1296
         790        1296
         791        1296
         792        1296
         793        1296
         794        1296
         795        1296
         796        1296
         797        1296
         798        1296
         799        1296
         800        1296
         801        1296
         802        1296
         803        1296
         804        1296
         784        1297
         785        1297
         786        1297
         787        1297
         788        1297
         789        1297
         790        1297
         791        1297
         792        1297
         793        1297
         794        1297
         795        1297
         796        1297
         797        1297
         798        1297
         799        1297
         800        1297
         801        1297
         802        1297
         803        1297
         804        1297
         805        1297
         785        1298
         786        1298
         787        1298
         788        1298
         789        1298
         790        1298
         791        1298
         792        1298
         793        1298
         794        1298
         795        1298
         796        1298
         797        1298
         798        1298
         799        1298
         800        1298
         801        1298
         802        1298
         803        1298
         804        1298
         805        1298
         785        1299
         786        1299
         787        1299
         788        1299
         789        1299
         790        1299
         791        1299
         792        1299
         793        1299
         794        1299
         795        1299
         796        1299
         797        1299
         798        1299
         799        1299
         800        1299
         801        1299
         802        1299
         803        1299
         804        1299
         805        1299
         806        1299
         785        1300
         786        1300
         787        1300
         788        1300
         789        1300
         790        1300
         791        1300
         792        1300
         793        1300
         794        1300
         795        1300
         796        1300
         797        1300
         798        1300
         799        1300
         800        1300
         801        1300
         802        1300
         803        1300
         804        1300
         805        1300
         806        1300
         786        1301
         787        1301
         788        1301
         789        1301
         790        1301
         791        1301
         792        1301
         793        1301
         794        1301
         795        1301
         796        1301
         797        1301
         798        1301
         799        1301
         800        1301
         801        1301
         802        1301
         803        1301
         804        1301
         805        1301
         806        1301
         786        1302
         787        1302
         788        1302
         789        1302
         790        1302
         791        1302
         792        1302
         793        1302
         794        1302
         795        1302
         796        1302
         797        1302
         798        1302
         799        1302
         800        1302
         801        1302
         802        1302
         803        1302
         804        1302
         805        1302
         806        1302
         807        1302
         787        1303
         788        1303
         789        1303
         790        1303
         791        1303
         792        1303
         793        1303
         794        1303
         795        1303
         796        1303
         797        1303
         798        1303
         799        1303
         800        1303
         801        1303
         802        1303
         803        1303
         804        1303
         805        1303
         806        1303
         807        1303
         787        1304
         788        1304
         789        1304
         790        1304
         791        1304
         792        1304
         793        1304
         794        1304
         795        1304
         796        1304
         797        1304
         798        1304
         799        1304
         800        1304
         801        1304
         802        1304
         803        1304
         804        1304
         805        1304
         806        1304
         807        1304
         808        1304
         788        1305
         789        1305
         790        1305
         791        1305
         792        1305
         793        1305
         794        1305
         795        1305
         796        1305
         797        1305
         798        1305
         799        1305
         800        1305
         801        1305
         802        1305
         803        1305
         804        1305
         805        1305
         806        1305
         807        1305
         788        1306
         789        1306
         790        1306
         791        1306
         792        1306
         793        1306
         794        1306
         795        1306
         796        1306
         797        1306
         798        1306
         799        1306
         800        1306
         801        1306
         802        1306
         803        1306
         804        1306
         805        1306
         789        1307
         790        1307
         791        1307
         792        1307
         793        1307
         794        1307
         795        1307
         796        1307
         797        1307
         798        1307
         799        1307
         800        1307
         801        1307
         802        1307
         789        1308
         790        1308
         791        1308
         792        1308
         793        1308
         794        1308
         795        1308
         796        1308
         797        1308
         798        1308
         799        1308
         800        1308
         789        1309
         790        1309
         791        1309
         792        1309
         793        1309
         794        1309
         795        1309
         796        1309
         797        1309
         798        1309
         790        1310
         791        1310
         792        1310
         793        1310
         794        1310
         795        1310
         796        1310
         790        1311
         791        1311
         792        1311
         793        1311
         791        1312
         792        1268
         790        1269
         791        1269
         792        1269
         793        1269
         788        1270
         789        1270
         790        1270
         791        1270
         792        1270
         793        1270
         786        1271
         787        1271
         788        1271
         789        1271
         790        1271
         791        1271
         792        1271
         793        1271
         784        1272
         785        1272
         786        1272
         787        1272
         788        1272
         789        1272
         790        1272
         791        1272
         792        1272
         793        1272
         794        1272
         782        1273
         783        1273
         784        1273
         785        1273
         786        1273
         787        1273
         788        1273
         789        1273
         790        1273
         791        1273
         792        1273
         793        1273
         794        1273
         780        1274
         781        1274
         782        1274
         783        1274
         784        1274
         785        1274
         786        1274
         787        1274
         788        1274
         789        1274
         790        1274
         791        1274
         792        1274
         793        1274
         794        1274
         795        1274
         778        1275
         779        1275
         780        1275
         781        1275
         782        1275
         783        1275
         784        1275
         785        1275
         786        1275
         787        1275
         788        1275
         789        1275
         790        1275
         791        1275
         792        1275
         793        1275
         794        1275
         795        1275
         776        1276
         777        1276
         778        1276
         779        1276
         780        1276
         781        1276
         782        1276
         783        1276
         784        1276
         785        1276
         786        1276
         787        1276
         788        1276
         789        1276
         790        1276
         791        1276
         792        1276
         793        1276
         794        1276
         795        1276
         796        1276
         775        1277
         776        1277
         777        1277
         778        1277
         779        1277
         780        1277
         781        1277
         782        1277
         783        1277
         784        1277
         785        1277
         786        1277
         787        1277
         788        1277
         789        1277
         790        1277
         791        1277
         792        1277
         793        1277
         794        1277
         795        1277
         796        1277
         776        1278
         777        1278
         778        1278
         779        1278
         780        1278
         781        1278
         782        1278
         783        1278
         784        1278
         785        1278
         786        1278
         787        1278
         788        1278
         789        1278
         790        1278
         791        1278
         792        1278
         793        1278
         794        1278
         795        1278
         796        1278
         776        1279
         777        1279
         778        1279
         779        1279
         780        1279
         781        1279
         782        1279
         783        1279
         784        1279
         785        1279
         786        1279
         787        1279
         788        1279
         789        1279
         790        1279
         791        1279
         792        1279
         793        1279
         794        1279
         795        1279
         796        1279
         797        1279
         777        1280
         778        1280
         779        1280
         780        1280
         781        1280
         782        1280
         783        1280
         784        1280
         785        1280
         786        1280
         787        1280
         788        1280
         789        1280
         790        1280
         791        1280
         792        1280
         793        1280
         794        1280
         795        1280
         796        1280
         797        1280
         777        1281
         778        1281
         779        1281
         780        1281
         781        1281
         782        1281
         783        1281
         784        1281
         785        1281
         786        1281
         787        1281
         788        1281
         789        1281
         790        1281
         791        1281
         792        1281
         793        1281
         794        1281
         795        1281
         796        1281
         797        1281
         798        1281
         777        1282
         778        1282
         779        1282
         780        1282
         781        1282
         782        1282
         783        1282
         784        1282
         785        1282
         786        1282
         787        1282
         788        1282
         789        1282
         790        1282
         791        1282
         792        1282
         793        1282
         794        1282
         795        1282
         796        1282
         797        1282
         798        1282
         778        1283
         779        1283
         780        1283
         781        1283
         782        1283
         783        1283
         784        1283
         785        1283
         786        1283
         787        1283
         788        1283
         789        1283
         790        1283
         791        1283
         792        1283
         793        1283
         794        1283
         795        1283
         796        1283
         797        1283
         798        1283
         799        1283
         778        1284
         779        1284
         780        1284
         781        1284
         782        1284
         783        1284
         784        1284
         785        1284
         786        1284
         787        1284
         788        1284
         789        1284
         790        1284
         791        1284
         792        1284
         793        1284
         794        1284
         795        1284
         796        1284
         797        1284
         798        1284
         799        1284
         779        1285
         780        1285
         781        1285
         782        1285
         783        1285
         784        1285
         785        1285
         786        1285
         787        1285
         788        1285
         789        1285
         790        1285
         791        1285
         792        1285
         793        1285
         794        1285
         795        1285
         796        1285
         797        1285
         798        1285
         799        1285
         779        1286
         780        1286
         781        1286
         782        1286
         783        1286
         784        1286
         785        1286
         786        1286
         787        1286
         788        1286
         789        1286
         790        1286
         791        1286
         792        1286
         793        1286
         794        1286
         795        1286
         796        1286
         797        1286
         798        1286
         799        1286
         800        1286
         780        1287
         781        1287
         782        1287
         783        1287
         784        1287
         785        1287
         786        1287
         787        1287
         788        1287
         789        1287
         790        1287
         791        1287
         792        1287
         793        1287
         794        1287
         795        1287
         796        1287
         797        1287
         798        1287
         799        1287
         780        1288
         781        1288
         782        1288
         783        1288
         784        1288
         785        1288
         786        1288
         787        1288
         788        1288
         789        1288
         790        1288
         791        1288
         792        1288
         793        1288
         794        1288
         795        1288
         796        1288
         797        1288
         781        1289
         782        1289
         783        1289
         784        1289
         785        1289
         786        1289
         787        1289
         788        1289
         789        1289
         790        1289
         791        1289
         792        1289
         793        1289
         794        1289
         781        1290
         782        1290
         783        1290
         784        1290
         785        1290
         786        1290
         787        1290
         788        1290
         789        1290
         790        1290
         791        1290
         792        1290
         781        1291
         782        1291
         783        1291
         784        1291
         785        1291
         786        1291
         787        1291
         788        1291
         789        1291
         790        1291
         782        1292
         783        1292
         784        1292
         785        1292
         786        1292
         787        1292
         788        1292
         782        1293
         783        1293
         784        1293
         785        1293
         783        1294
