         722        1432
         720        1433
         721        1433
         722        1433
         723        1433
         717        1434
         718        1434
         719        1434
         720        1434
         721        1434
         722        1434
         723        1434
         715        1435
         716        1435
         717        1435
         718        1435
         719        1435
         720        1435
         721        1435
         722        1435
         723        1435
         724        1435
         713        1436
         714        1436
         715        1436
         716        1436
         717        1436
         718        1436
         719        1436
         720        1436
         721        1436
         722        1436
         723        1436
         724        1436
         711        1437
         712        1437
         713        1437
         714        1437
         715        1437
         716        1437
         717        1437
         718        1437
         719        1437
         720        1437
         721        1437
         722        1437
         723        1437
         724        1437
         708        1438
         709        1438
         710        1438
         711        1438
         712        1438
         713        1438
         714        1438
         715        1438
         716        1438
         717        1438
         718        1438
         719        1438
         720        1438
         721        1438
         722        1438
         723        1438
         724        1438
         725        1438
         706        1439
         707        1439
         708        1439
         709        1439
         710        1439
         711        1439
         712        1439
         713        1439
         714        1439
         715        1439
         716        1439
         717        1439
         718        1439
         719        1439
         720        1439
         721        1439
         722        1439
         723        1439
         724        1439
         725        1439
         705        1440
         706        1440
         707        1440
         708        1440
         709        1440
         710        1440
         711        1440
         712        1440
         713        1440
         714        1440
         715        1440
         716        1440
         717        1440
         718        1440
         719        1440
         720        1440
         721        1440
         722        1440
         723        1440
         724        1440
         725        1440
         726        1440
         706        1441
         707        1441
         708        1441
         709        1441
         710        1441
         711        1441
         712        1441
         713        1441
         714        1441
         715        1441
         716        1441
         717        1441
         718        1441
         719        1441
         720        1441
         721        1441
         722        1441
         723        1441
         724        1441
         725        1441
         726        1441
         706        1442
         707        1442
         708        1442
         709        1442
         710        1442
         711        1442
         712        1442
         713        1442
         714        1442
         715        1442
         716        1442
         717        1442
         718        1442
         719        1442
         720        1442
         721        1442
         722        1442
         723        1442
         724        1442
         725        1442
         726        1442
         727        1442
         707        1443
         708        1443
         709        1443
         710        1443
         711        1443
         712        1443
         713        1443
         714        1443
         715        1443
         716        1443
         717        1443
         718        1443
         719        1443
         720        1443
         721        1443
         722        1443
         723        1443
         724        1443
         725        1443
         726        1443
         727        1443
         707        1444
         708        1444
         709        1444
         710        1444
         711        1444
         712        1444
         713        1444
         714        1444
         715        1444
         716        1444
         717        1444
         718        1444
         719        1444
         720        1444
         721        1444
         722        1444
         723        1444
         724        1444
         725        1444
         726        1444
         727        1444
         728        1444
         707        1445
         708        1445
         709        1445
         710        1445
         711        1445
         712        1445
         713        1445
         714        1445
         715        1445
         716        1445
         717        1445
         718        1445
         719        1445
         720        1445
         721        1445
         722        1445
         723        1445
         724        1445
         725        1445
         726        1445
         727        1445
         728        1445
         708        1446
         709        1446
         710        1446
         711        1446
         712        1446
         713        1446
         714        1446
         715        1446
         716        1446
         717        1446
         718        1446
         719        1446
         720        1446
         721        1446
         722        1446
         723        1446
         724        1446
         725        1446
         726        1446
         727        1446
         728        1446
         708        1447
         709        1447
         710        1447
         711        1447
         712        1447
         713        1447
         714        1447
         715        1447
         716        1447
         717        1447
         718        1447
         719        1447
         720        1447
         721        1447
         722        1447
         723        1447
         724        1447
         725        1447
         726        1447
         727        1447
         728        1447
         729        1447
         709        1448
         710        1448
         711        1448
         712        1448
         713        1448
         714        1448
         715        1448
         716        1448
         717        1448
         718        1448
         719        1448
         720        1448
         721        1448
         722        1448
         723        1448
         724        1448
         725        1448
         726        1448
         727        1448
         728        1448
         729        1448
         709        1449
         710        1449
         711        1449
         712        1449
         713        1449
         714        1449
         715        1449
         716        1449
         717        1449
         718        1449
         719        1449
         720        1449
         721        1449
         722        1449
         723        1449
         724        1449
         725        1449
         726        1449
         727        1449
         728        1449
         729        1449
         730        1449
         710        1450
         711        1450
         712        1450
         713        1450
         714        1450
         715        1450
         716        1450
         717        1450
         718        1450
         719        1450
         720        1450
         721        1450
         722        1450
         723        1450
         724        1450
         725        1450
         726        1450
         727        1450
         728        1450
         729        1450
         710        1451
         711        1451
         712        1451
         713        1451
         714        1451
         715        1451
         716        1451
         717        1451
         718        1451
         719        1451
         720        1451
         721        1451
         722        1451
         723        1451
         724        1451
         725        1451
         726        1451
         727        1451
         711        1452
         712        1452
         713        1452
         714        1452
         715        1452
         716        1452
         717        1452
         718        1452
         719        1452
         720        1452
         721        1452
         722        1452
         723        1452
         724        1452
         711        1453
         712        1453
         713        1453
         714        1453
         715        1453
         716        1453
         717        1453
         718        1453
         719        1453
         720        1453
         721        1453
         722        1453
         711        1454
         712        1454
         713        1454
         714        1454
         715        1454
         716        1454
         717        1454
         718        1454
         719        1454
         720        1454
         712        1455
         713        1455
         714        1455
         715        1455
         716        1455
         717        1455
         718        1455
         712        1456
         713        1456
         714        1456
         715        1456
         713        1457
         714        1413
         712        1414
         713        1414
         714        1414
         715        1414
         709        1415
         710        1415
         711        1415
         712        1415
         713        1415
         714        1415
         715        1415
         707        1416
         708        1416
         709        1416
         710        1416
         711        1416
         712        1416
         713        1416
         714        1416
         715        1416
         705        1417
         706        1417
         707        1417
         708        1417
         709        1417
         710        1417
         711        1417
         712        1417
         713        1417
         714        1417
         715        1417
         716        1417
         703        1418
         704        1418
         705        1418
         706        1418
         707        1418
         708        1418
         709        1418
         710        1418
         711        1418
         712        1418
         713        1418
         714        1418
         715        1418
         716        1418
         700        1419
         701        1419
         702        1419
         703        1419
         704        1419
         705        1419
         706        1419
         707        1419
         708        1419
         709        1419
         710        1419
         711        1419
         712        1419
         713        1419
         714        1419
         715        1419
         716        1419
         717        1419
         698        1420
         699        1420
         700        1420
         701        1420
         702        1420
         703        1420
         704        1420
         705        1420
         706        1420
         707        1420
         708        1420
         709        1420
         710        1420
         711        1420
         712        1420
         713        1420
         714        1420
         715        1420
         716        1420
         717        1420
         697        1421
         698        1421
         699        1421
         700        1421
         701        1421
         702        1421
         703        1421
         704        1421
         705        1421
         706        1421
         707        1421
         708        1421
         709        1421
         710        1421
         711        1421
         712        1421
         713        1421
         714        1421
         715        1421
         716        1421
         717        1421
         718        1421
         698        1422
         699        1422
         700        1422
         701        1422
         702        1422
         703        1422
         704        1422
         705        1422
         706        1422
         707        1422
         708        1422
         709        1422
         710        1422
         711        1422
         712        1422
         713        1422
         714        1422
         715        1422
         716        1422
         717        1422
         718        1422
         698        1423
         699        1423
         700        1423
         701        1423
         702        1423
         703        1423
         704        1423
         705        1423
         706        1423
         707        1423
         708        1423
         709        1423
         710        1423
         711        1423
         712        1423
         713        1423
         714        1423
         715        1423
         716        1423
         717        1423
         718        1423
         698        1424
         699        1424
         700        1424
         701        1424
         702        1424
         703        1424
         704        1424
         705        1424
         706        1424
         707        1424
         708        1424
         709        1424
         710        1424
         711        1424
         712        1424
         713        1424
         714        1424
         715        1424
         716        1424
         717        1424
         718        1424
         719        1424
         699        1425
         700        1425
         701        1425
         702        1425
         703        1425
         704        1425
         705        1425
         706        1425
         707        1425
         708        1425
         709        1425
         710        1425
         711        1425
         712        1425
         713        1425
         714        1425
         715        1425
         716        1425
         717        1425
         718        1425
         719        1425
         699        1426
         700        1426
         701        1426
         702        1426
         703        1426
         704        1426
         705        1426
         706        1426
         707        1426
         708        1426
         709        1426
         710        1426
         711        1426
         712        1426
         713        1426
         714        1426
         715        1426
         716        1426
         717        1426
         718        1426
         719        1426
         720        1426
         700        1427
         701        1427
         702        1427
         703        1427
         704        1427
         705        1427
         706        1427
         707        1427
         708        1427
         709        1427
         710        1427
         711        1427
         712        1427
         713        1427
         714        1427
         715        1427
         716        1427
         717        1427
         718        1427
         719        1427
         720        1427
         700        1428
         701        1428
         702        1428
         703        1428
         704        1428
         705        1428
         706        1428
         707        1428
         708        1428
         709        1428
         710        1428
         711        1428
         712        1428
         713        1428
         714        1428
         715        1428
         716        1428
         717        1428
         718        1428
         719        1428
         720        1428
         721        1428
         701        1429
         702        1429
         703        1429
         704        1429
         705        1429
         706        1429
         707        1429
         708        1429
         709        1429
         710        1429
         711        1429
         712        1429
         713        1429
         714        1429
         715        1429
         716        1429
         717        1429
         718        1429
         719        1429
         720        1429
         721        1429
         701        1430
         702        1430
         703        1430
         704        1430
         705        1430
         706        1430
         707        1430
         708        1430
         709        1430
         710        1430
         711        1430
         712        1430
         713        1430
         714        1430
         715        1430
         716        1430
         717        1430
         718        1430
         719        1430
         720        1430
         721        1430
         701        1431
         702        1431
         703        1431
         704        1431
         705        1431
         706        1431
         707        1431
         708        1431
         709        1431
         710        1431
         711        1431
         712        1431
         713        1431
         714        1431
         715        1431
         716        1431
         717        1431
         718        1431
         719        1431
         720        1431
         721        1431
         722        1431
         702        1432
         703        1432
         704        1432
         705        1432
         706        1432
         707        1432
         708        1432
         709        1432
         710        1432
         711        1432
         712        1432
         713        1432
         714        1432
         715        1432
         716        1432
         717        1432
         718        1432
         719        1432
         720        1432
         721        1432
         702        1433
         703        1433
         704        1433
         705        1433
         706        1433
         707        1433
         708        1433
         709        1433
         710        1433
         711        1433
         712        1433
         713        1433
         714        1433
         715        1433
         716        1433
         717        1433
         718        1433
         719        1433
         703        1434
         704        1434
         705        1434
         706        1434
         707        1434
         708        1434
         709        1434
         710        1434
         711        1434
         712        1434
         713        1434
         714        1434
         715        1434
         716        1434
         703        1435
         704        1435
         705        1435
         706        1435
         707        1435
         708        1435
         709        1435
         710        1435
         711        1435
         712        1435
         713        1435
         714        1435
         704        1436
         705        1436
         706        1436
         707        1436
         708        1436
         709        1436
         710        1436
         711        1436
         712        1436
         704        1437
         705        1437
         706        1437
         707        1437
         708        1437
         709        1437
         710        1437
         704        1438
         705        1438
         706        1438
         707        1438
         705        1439
         741        1424
         738        1425
         739        1425
         740        1425
         741        1425
         742        1425
         736        1426
         737        1426
         738        1426
         739        1426
         740        1426
         741        1426
         742        1426
         734        1427
         735        1427
         736        1427
         737        1427
         738        1427
         739        1427
         740        1427
         741        1427
         742        1427
         743        1427
         731        1428
         732        1428
         733        1428
         734        1428
         735        1428
         736        1428
         737        1428
         738        1428
         739        1428
         740        1428
         741        1428
         742        1428
         743        1428
         729        1429
         730        1429
         731        1429
         732        1429
         733        1429
         734        1429
         735        1429
         736        1429
         737        1429
         738        1429
         739        1429
         740        1429
         741        1429
         742        1429
         743        1429
         727        1430
         728        1430
         729        1430
         730        1430
         731        1430
         732        1430
         733        1430
         734        1430
         735        1430
         736        1430
         737        1430
         738        1430
         739        1430
         740        1430
         741        1430
         742        1430
         743        1430
         744        1430
         724        1431
         725        1431
         726        1431
         727        1431
         728        1431
         729        1431
         730        1431
         731        1431
         732        1431
         733        1431
         734        1431
         735        1431
         736        1431
         737        1431
         738        1431
         739        1431
         740        1431
         741        1431
         742        1431
         743        1431
         744        1431
         723        1432
         724        1432
         725        1432
         726        1432
         727        1432
         728        1432
         729        1432
         730        1432
         731        1432
         732        1432
         733        1432
         734        1432
         735        1432
         736        1432
         737        1432
         738        1432
         739        1432
         740        1432
         741        1432
         742        1432
         743        1432
         744        1432
         745        1432
         724        1433
         725        1433
         726        1433
         727        1433
         728        1433
         729        1433
         730        1433
         731        1433
         732        1433
         733        1433
         734        1433
         735        1433
         736        1433
         737        1433
         738        1433
         739        1433
         740        1433
         741        1433
         742        1433
         743        1433
         744        1433
         745        1433
         724        1434
         725        1434
         726        1434
         727        1434
         728        1434
         729        1434
         730        1434
         731        1434
         732        1434
         733        1434
         734        1434
         735        1434
         736        1434
         737        1434
         738        1434
         739        1434
         740        1434
         741        1434
         742        1434
         743        1434
         744        1434
         745        1434
         746        1434
         725        1435
         726        1435
         727        1435
         728        1435
         729        1435
         730        1435
         731        1435
         732        1435
         733        1435
         734        1435
         735        1435
         736        1435
         737        1435
         738        1435
         739        1435
         740        1435
         741        1435
         742        1435
         743        1435
         744        1435
         745        1435
         746        1435
         725        1436
         726        1436
         727        1436
         728        1436
         729        1436
         730        1436
         731        1436
         732        1436
         733        1436
         734        1436
         735        1436
         736        1436
         737        1436
         738        1436
         739        1436
         740        1436
         741        1436
         742        1436
         743        1436
         744        1436
         745        1436
         746        1436
         747        1436
         725        1437
         726        1437
         727        1437
         728        1437
         729        1437
         730        1437
         731        1437
         732        1437
         733        1437
         734        1437
         735        1437
         736        1437
         737        1437
         738        1437
         739        1437
         740        1437
         741        1437
         742        1437
         743        1437
         744        1437
         745        1437
         746        1437
         747        1437
         726        1438
         727        1438
         728        1438
         729        1438
         730        1438
         731        1438
         732        1438
         733        1438
         734        1438
         735        1438
         736        1438
         737        1438
         738        1438
         739        1438
         740        1438
         741        1438
         742        1438
         743        1438
         744        1438
         745        1438
         746        1438
         747        1438
         726        1439
         727        1439
         728        1439
         729        1439
         730        1439
         731        1439
         732        1439
         733        1439
         734        1439
         735        1439
         736        1439
         737        1439
         738        1439
         739        1439
         740        1439
         741        1439
         742        1439
         743        1439
         744        1439
         745        1439
         746        1439
         747        1439
         748        1439
         727        1440
         728        1440
         729        1440
         730        1440
         731        1440
         732        1440
         733        1440
         734        1440
         735        1440
         736        1440
         737        1440
         738        1440
         739        1440
         740        1440
         741        1440
         742        1440
         743        1440
         744        1440
         745        1440
         746        1440
         747        1440
         748        1440
         727        1441
         728        1441
         729        1441
         730        1441
         731        1441
         732        1441
         733        1441
         734        1441
         735        1441
         736        1441
         737        1441
         738        1441
         739        1441
         740        1441
         741        1441
         742        1441
         743        1441
         744        1441
         745        1441
         746        1441
         747        1441
         748        1441
         749        1441
         728        1442
         729        1442
         730        1442
         731        1442
         732        1442
         733        1442
         734        1442
         735        1442
         736        1442
         737        1442
         738        1442
         739        1442
         740        1442
         741        1442
         742        1442
         743        1442
         744        1442
         745        1442
         746        1442
         747        1442
         748        1442
         728        1443
         729        1443
         730        1443
         731        1443
         732        1443
         733        1443
         734        1443
         735        1443
         736        1443
         737        1443
         738        1443
         739        1443
         740        1443
         741        1443
         742        1443
         743        1443
         744        1443
         745        1443
         729        1444
         730        1444
         731        1444
         732        1444
         733        1444
         734        1444
         735        1444
         736        1444
         737        1444
         738        1444
         739        1444
         740        1444
         741        1444
         742        1444
         743        1444
         729        1445
         730        1445
         731        1445
         732        1445
         733        1445
         734        1445
         735        1445
         736        1445
         737        1445
         738        1445
         739        1445
         740        1445
         741        1445
         729        1446
         730        1446
         731        1446
         732        1446
         733        1446
         734        1446
         735        1446
         736        1446
         737        1446
         738        1446
         730        1447
         731        1447
         732        1447
         733        1447
         734        1447
         735        1447
         736        1447
         730        1448
         731        1448
         732        1448
         733        1448
         734        1448
         731        1449
         733        1406
         730        1407
         731        1407
         732        1407
         733        1407
         734        1407
         727        1408
         728        1408
         729        1408
         730        1408
         731        1408
         732        1408
         733        1408
         734        1408
         724        1409
         725        1409
         726        1409
         727        1409
         728        1409
         729        1409
         730        1409
         731        1409
         732        1409
         733        1409
         734        1409
         735        1409
         722        1410
         723        1410
         724        1410
         725        1410
         726        1410
         727        1410
         728        1410
         729        1410
         730        1410
         731        1410
         732        1410
         733        1410
         734        1410
         735        1410
         719        1411
         720        1411
         721        1411
         722        1411
         723        1411
         724        1411
         725        1411
         726        1411
         727        1411
         728        1411
         729        1411
         730        1411
         731        1411
         732        1411
         733        1411
         734        1411
         735        1411
         716        1412
         717        1412
         718        1412
         719        1412
         720        1412
         721        1412
         722        1412
         723        1412
         724        1412
         725        1412
         726        1412
         727        1412
         728        1412
         729        1412
         730        1412
         731        1412
         732        1412
         733        1412
         734        1412
         735        1412
         736        1412
         715        1413
         716        1413
         717        1413
         718        1413
         719        1413
         720        1413
         721        1413
         722        1413
         723        1413
         724        1413
         725        1413
         726        1413
         727        1413
         728        1413
         729        1413
         730        1413
         731        1413
         732        1413
         733        1413
         734        1413
         735        1413
         736        1413
         716        1414
         717        1414
         718        1414
         719        1414
         720        1414
         721        1414
         722        1414
         723        1414
         724        1414
         725        1414
         726        1414
         727        1414
         728        1414
         729        1414
         730        1414
         731        1414
         732        1414
         733        1414
         734        1414
         735        1414
         736        1414
         737        1414
         716        1415
         717        1415
         718        1415
         719        1415
         720        1415
         721        1415
         722        1415
         723        1415
         724        1415
         725        1415
         726        1415
         727        1415
         728        1415
         729        1415
         730        1415
         731        1415
         732        1415
         733        1415
         734        1415
         735        1415
         736        1415
         737        1415
         716        1416
         717        1416
         718        1416
         719        1416
         720        1416
         721        1416
         722        1416
         723        1416
         724        1416
         725        1416
         726        1416
         727        1416
         728        1416
         729        1416
         730        1416
         731        1416
         732        1416
         733        1416
         734        1416
         735        1416
         736        1416
         737        1416
         738        1416
         717        1417
         718        1417
         719        1417
         720        1417
         721        1417
         722        1417
         723        1417
         724        1417
         725        1417
         726        1417
         727        1417
         728        1417
         729        1417
         730        1417
         731        1417
         732        1417
         733        1417
         734        1417
         735        1417
         736        1417
         737        1417
         738        1417
         717        1418
         718        1418
         719        1418
         720        1418
         721        1418
         722        1418
         723        1418
         724        1418
         725        1418
         726        1418
         727        1418
         728        1418
         729        1418
         730        1418
         731        1418
         732        1418
         733        1418
         734        1418
         735        1418
         736        1418
         737        1418
         738        1418
         739        1418
         718        1419
         719        1419
         720        1419
         721        1419
         722        1419
         723        1419
         724        1419
         725        1419
         726        1419
         727        1419
         728        1419
         729        1419
         730        1419
         731        1419
         732        1419
         733        1419
         734        1419
         735        1419
         736        1419
         737        1419
         738        1419
         739        1419
         718        1420
         719        1420
         720        1420
         721        1420
         722        1420
         723        1420
         724        1420
         725        1420
         726        1420
         727        1420
         728        1420
         729        1420
         730        1420
         731        1420
         732        1420
         733        1420
         734        1420
         735        1420
         736        1420
         737        1420
         738        1420
         739        1420
         719        1421
         720        1421
         721        1421
         722        1421
         723        1421
         724        1421
         725        1421
         726        1421
         727        1421
         728        1421
         729        1421
         730        1421
         731        1421
         732        1421
         733        1421
         734        1421
         735        1421
         736        1421
         737        1421
         738        1421
         739        1421
         740        1421
         719        1422
         720        1422
         721        1422
         722        1422
         723        1422
         724        1422
         725        1422
         726        1422
         727        1422
         728        1422
         729        1422
         730        1422
         731        1422
         732        1422
         733        1422
         734        1422
         735        1422
         736        1422
         737        1422
         738        1422
         739        1422
         740        1422
         719        1423
         720        1423
         721        1423
         722        1423
         723        1423
         724        1423
         725        1423
         726        1423
         727        1423
         728        1423
         729        1423
         730        1423
         731        1423
         732        1423
         733        1423
         734        1423
         735        1423
         736        1423
         737        1423
         738        1423
         739        1423
         740        1423
         741        1423
         720        1424
         721        1424
         722        1424
         723        1424
         724        1424
         725        1424
         726        1424
         727        1424
         728        1424
         729        1424
         730        1424
         731        1424
         732        1424
         733        1424
         734        1424
         735        1424
         736        1424
         737        1424
         738        1424
         739        1424
         740        1424
         720        1425
         721        1425
         722        1425
         723        1425
         724        1425
         725        1425
         726        1425
         727        1425
         728        1425
         729        1425
         730        1425
         731        1425
         732        1425
         733        1425
         734        1425
         735        1425
         736        1425
         737        1425
         721        1426
         722        1426
         723        1426
         724        1426
         725        1426
         726        1426
         727        1426
         728        1426
         729        1426
         730        1426
         731        1426
         732        1426
         733        1426
         734        1426
         735        1426
         721        1427
         722        1427
         723        1427
         724        1427
         725        1427
         726        1427
         727        1427
         728        1427
         729        1427
         730        1427
         731        1427
         732        1427
         733        1427
         722        1428
         723        1428
         724        1428
         725        1428
         726        1428
         727        1428
         728        1428
         729        1428
         730        1428
         722        1429
         723        1429
         724        1429
         725        1429
         726        1429
         727        1429
         728        1429
         722        1430
         723        1430
         724        1430
         725        1430
         726        1430
         723        1431
