         864        1335
         862        1336
         863        1336
         864        1336
         865        1336
         859        1337
         860        1337
         861        1337
         862        1337
         863        1337
         864        1337
         865        1337
         857        1338
         858        1338
         859        1338
         860        1338
         861        1338
         862        1338
         863        1338
         864        1338
         865        1338
         866        1338
         855        1339
         856        1339
         857        1339
         858        1339
         859        1339
         860        1339
         861        1339
         862        1339
         863        1339
         864        1339
         865        1339
         866        1339
         853        1340
         854        1340
         855        1340
         856        1340
         857        1340
         858        1340
         859        1340
         860        1340
         861        1340
         862        1340
         863        1340
         864        1340
         865        1340
         866        1340
         850        1341
         851        1341
         852        1341
         853        1341
         854        1341
         855        1341
         856        1341
         857        1341
         858        1341
         859        1341
         860        1341
         861        1341
         862        1341
         863        1341
         864        1341
         865        1341
         866        1341
         867        1341
         848        1342
         849        1342
         850        1342
         851        1342
         852        1342
         853        1342
         854        1342
         855        1342
         856        1342
         857        1342
         858        1342
         859        1342
         860        1342
         861        1342
         862        1342
         863        1342
         864        1342
         865        1342
         866        1342
         867        1342
         847        1343
         848        1343
         849        1343
         850        1343
         851        1343
         852        1343
         853        1343
         854        1343
         855        1343
         856        1343
         857        1343
         858        1343
         859        1343
         860        1343
         861        1343
         862        1343
         863        1343
         864        1343
         865        1343
         866        1343
         867        1343
         868        1343
         848        1344
         849        1344
         850        1344
         851        1344
         852        1344
         853        1344
         854        1344
         855        1344
         856        1344
         857        1344
         858        1344
         859        1344
         860        1344
         861        1344
         862        1344
         863        1344
         864        1344
         865        1344
         866        1344
         867        1344
         868        1344
         848        1345
         849        1345
         850        1345
         851        1345
         852        1345
         853        1345
         854        1345
         855        1345
         856        1345
         857        1345
         858        1345
         859        1345
         860        1345
         861        1345
         862        1345
         863        1345
         864        1345
         865        1345
         866        1345
         867        1345
         868        1345
         869        1345
         849        1346
         850        1346
         851        1346
         852        1346
         853        1346
         854        1346
         855        1346
         856        1346
         857        1346
         858        1346
         859        1346
         860        1346
         861        1346
         862        1346
         863        1346
         864        1346
         865        1346
         866        1346
         867        1346
         868        1346
         869        1346
         849        1347
         850        1347
         851        1347
         852        1347
         853        1347
         854        1347
         855        1347
         856        1347
         857        1347
         858        1347
         859        1347
         860        1347
         861        1347
         862        1347
         863        1347
         864        1347
         865        1347
         866        1347
         867        1347
         868        1347
         869        1347
         870        1347
         849        1348
         850        1348
         851        1348
         852        1348
         853        1348
         854        1348
         855        1348
         856        1348
         857        1348
         858        1348
         859        1348
         860        1348
         861        1348
         862        1348
         863        1348
         864        1348
         865        1348
         866        1348
         867        1348
         868        1348
         869        1348
         870        1348
         850        1349
         851        1349
         852        1349
         853        1349
         854        1349
         855        1349
         856        1349
         857        1349
         858        1349
         859        1349
         860        1349
         861        1349
         862        1349
         863        1349
         864        1349
         865        1349
         866        1349
         867        1349
         868        1349
         869        1349
         870        1349
         850        1350
         851        1350
         852        1350
         853        1350
         854        1350
         855        1350
         856        1350
         857        1350
         858        1350
         859        1350
         860        1350
         861        1350
         862        1350
         863        1350
         864        1350
         865        1350
         866        1350
         867        1350
         868        1350
         869        1350
         870        1350
         871        1350
         851        1351
         852        1351
         853        1351
         854        1351
         855        1351
         856        1351
         857        1351
         858        1351
         859        1351
         860        1351
         861        1351
         862        1351
         863        1351
         864        1351
         865        1351
         866        1351
         867        1351
         868        1351
         869        1351
         870        1351
         871        1351
         851        1352
         852        1352
         853        1352
         854        1352
         855        1352
         856        1352
         857        1352
         858        1352
         859        1352
         860        1352
         861        1352
         862        1352
         863        1352
         864        1352
         865        1352
         866        1352
         867        1352
         868        1352
         869        1352
         870        1352
         871        1352
         872        1352
         852        1353
         853        1353
         854        1353
         855        1353
         856        1353
         857        1353
         858        1353
         859        1353
         860        1353
         861        1353
         862        1353
         863        1353
         864        1353
         865        1353
         866        1353
         867        1353
         868        1353
         869        1353
         870        1353
         871        1353
         852        1354
         853        1354
         854        1354
         855        1354
         856        1354
         857        1354
         858        1354
         859        1354
         860        1354
         861        1354
         862        1354
         863        1354
         864        1354
         865        1354
         866        1354
         867        1354
         868        1354
         869        1354
         853        1355
         854        1355
         855        1355
         856        1355
         857        1355
         858        1355
         859        1355
         860        1355
         861        1355
         862        1355
         863        1355
         864        1355
         865        1355
         866        1355
         853        1356
         854        1356
         855        1356
         856        1356
         857        1356
         858        1356
         859        1356
         860        1356
         861        1356
         862        1356
         863        1356
         864        1356
         853        1357
         854        1357
         855        1357
         856        1357
         857        1357
         858        1357
         859        1357
         860        1357
         861        1357
         862        1357
         854        1358
         855        1358
         856        1358
         857        1358
         858        1358
         859        1358
         860        1358
         854        1359
         855        1359
         856        1359
         857        1359
         855        1360
         856        1317
         853        1318
         854        1318
         855        1318
         856        1318
         857        1318
         851        1319
         852        1319
         853        1319
         854        1319
         855        1319
         856        1319
         857        1319
         849        1320
         850        1320
         851        1320
         852        1320
         853        1320
         854        1320
         855        1320
         856        1320
         857        1320
         858        1320
         846        1321
         847        1321
         848        1321
         849        1321
         850        1321
         851        1321
         852        1321
         853        1321
         854        1321
         855        1321
         856        1321
         857        1321
         858        1321
         844        1322
         845        1322
         846        1322
         847        1322
         848        1322
         849        1322
         850        1322
         851        1322
         852        1322
         853        1322
         854        1322
         855        1322
         856        1322
         857        1322
         858        1322
         842        1323
         843        1323
         844        1323
         845        1323
         846        1323
         847        1323
         848        1323
         849        1323
         850        1323
         851        1323
         852        1323
         853        1323
         854        1323
         855        1323
         856        1323
         857        1323
         858        1323
         859        1323
         839        1324
         840        1324
         841        1324
         842        1324
         843        1324
         844        1324
         845        1324
         846        1324
         847        1324
         848        1324
         849        1324
         850        1324
         851        1324
         852        1324
         853        1324
         854        1324
         855        1324
         856        1324
         857        1324
         858        1324
         859        1324
         838        1325
         839        1325
         840        1325
         841        1325
         842        1325
         843        1325
         844        1325
         845        1325
         846        1325
         847        1325
         848        1325
         849        1325
         850        1325
         851        1325
         852        1325
         853        1325
         854        1325
         855        1325
         856        1325
         857        1325
         858        1325
         859        1325
         860        1325
         839        1326
         840        1326
         841        1326
         842        1326
         843        1326
         844        1326
         845        1326
         846        1326
         847        1326
         848        1326
         849        1326
         850        1326
         851        1326
         852        1326
         853        1326
         854        1326
         855        1326
         856        1326
         857        1326
         858        1326
         859        1326
         860        1326
         839        1327
         840        1327
         841        1327
         842        1327
         843        1327
         844        1327
         845        1327
         846        1327
         847        1327
         848        1327
         849        1327
         850        1327
         851        1327
         852        1327
         853        1327
         854        1327
         855        1327
         856        1327
         857        1327
         858        1327
         859        1327
         860        1327
         861        1327
         840        1328
         841        1328
         842        1328
         843        1328
         844        1328
         845        1328
         846        1328
         847        1328
         848        1328
         849        1328
         850        1328
         851        1328
         852        1328
         853        1328
         854        1328
         855        1328
         856        1328
         857        1328
         858        1328
         859        1328
         860        1328
         861        1328
         840        1329
         841        1329
         842        1329
         843        1329
         844        1329
         845        1329
         846        1329
         847        1329
         848        1329
         849        1329
         850        1329
         851        1329
         852        1329
         853        1329
         854        1329
         855        1329
         856        1329
         857        1329
         858        1329
         859        1329
         860        1329
         861        1329
         862        1329
         841        1330
         842        1330
         843        1330
         844        1330
         845        1330
         846        1330
         847        1330
         848        1330
         849        1330
         850        1330
         851        1330
         852        1330
         853        1330
         854        1330
         855        1330
         856        1330
         857        1330
         858        1330
         859        1330
         860        1330
         861        1330
         862        1330
         841        1331
         842        1331
         843        1331
         844        1331
         845        1331
         846        1331
         847        1331
         848        1331
         849        1331
         850        1331
         851        1331
         852        1331
         853        1331
         854        1331
         855        1331
         856        1331
         857        1331
         858        1331
         859        1331
         860        1331
         861        1331
         862        1331
         842        1332
         843        1332
         844        1332
         845        1332
         846        1332
         847        1332
         848        1332
         849        1332
         850        1332
         851        1332
         852        1332
         853        1332
         854        1332
         855        1332
         856        1332
         857        1332
         858        1332
         859        1332
         860        1332
         861        1332
         862        1332
         863        1332
         842        1333
         843        1333
         844        1333
         845        1333
         846        1333
         847        1333
         848        1333
         849        1333
         850        1333
         851        1333
         852        1333
         853        1333
         854        1333
         855        1333
         856        1333
         857        1333
         858        1333
         859        1333
         860        1333
         861        1333
         862        1333
         863        1333
         843        1334
         844        1334
         845        1334
         846        1334
         847        1334
         848        1334
         849        1334
         850        1334
         851        1334
         852        1334
         853        1334
         854        1334
         855        1334
         856        1334
         857        1334
         858        1334
         859        1334
         860        1334
         861        1334
         862        1334
         863        1334
         864        1334
         843        1335
         844        1335
         845        1335
         846        1335
         847        1335
         848        1335
         849        1335
         850        1335
         851        1335
         852        1335
         853        1335
         854        1335
         855        1335
         856        1335
         857        1335
         858        1335
         859        1335
         860        1335
         861        1335
         862        1335
         863        1335
         844        1336
         845        1336
         846        1336
         847        1336
         848        1336
         849        1336
         850        1336
         851        1336
         852        1336
         853        1336
         854        1336
         855        1336
         856        1336
         857        1336
         858        1336
         859        1336
         860        1336
         861        1336
         844        1337
         845        1337
         846        1337
         847        1337
         848        1337
         849        1337
         850        1337
         851        1337
         852        1337
         853        1337
         854        1337
         855        1337
         856        1337
         857        1337
         858        1337
         845        1338
         846        1338
         847        1338
         848        1338
         849        1338
         850        1338
         851        1338
         852        1338
         853        1338
         854        1338
         855        1338
         856        1338
         845        1339
         846        1339
         847        1339
         848        1339
         849        1339
         850        1339
         851        1339
         852        1339
         853        1339
         854        1339
         846        1340
         847        1340
         848        1340
         849        1340
         850        1340
         851        1340
         852        1340
         846        1341
         847        1341
         848        1341
         849        1341
         847        1342
         882        1327
         880        1328
         881        1328
         882        1328
         883        1328
         877        1329
         878        1329
         879        1329
         880        1329
         881        1329
         882        1329
         883        1329
         875        1330
         876        1330
         877        1330
         878        1330
         879        1330
         880        1330
         881        1330
         882        1330
         883        1330
         884        1330
         873        1331
         874        1331
         875        1331
         876        1331
         877        1331
         878        1331
         879        1331
         880        1331
         881        1331
         882        1331
         883        1331
         884        1331
         871        1332
         872        1332
         873        1332
         874        1332
         875        1332
         876        1332
         877        1332
         878        1332
         879        1332
         880        1332
         881        1332
         882        1332
         883        1332
         884        1332
         868        1333
         869        1333
         870        1333
         871        1333
         872        1333
         873        1333
         874        1333
         875        1333
         876        1333
         877        1333
         878        1333
         879        1333
         880        1333
         881        1333
         882        1333
         883        1333
         884        1333
         885        1333
         866        1334
         867        1334
         868        1334
         869        1334
         870        1334
         871        1334
         872        1334
         873        1334
         874        1334
         875        1334
         876        1334
         877        1334
         878        1334
         879        1334
         880        1334
         881        1334
         882        1334
         883        1334
         884        1334
         885        1334
         865        1335
         866        1335
         867        1335
         868        1335
         869        1335
         870        1335
         871        1335
         872        1335
         873        1335
         874        1335
         875        1335
         876        1335
         877        1335
         878        1335
         879        1335
         880        1335
         881        1335
         882        1335
         883        1335
         884        1335
         885        1335
         886        1335
         866        1336
         867        1336
         868        1336
         869        1336
         870        1336
         871        1336
         872        1336
         873        1336
         874        1336
         875        1336
         876        1336
         877        1336
         878        1336
         879        1336
         880        1336
         881        1336
         882        1336
         883        1336
         884        1336
         885        1336
         886        1336
         866        1337
         867        1337
         868        1337
         869        1337
         870        1337
         871        1337
         872        1337
         873        1337
         874        1337
         875        1337
         876        1337
         877        1337
         878        1337
         879        1337
         880        1337
         881        1337
         882        1337
         883        1337
         884        1337
         885        1337
         886        1337
         887        1337
         867        1338
         868        1338
         869        1338
         870        1338
         871        1338
         872        1338
         873        1338
         874        1338
         875        1338
         876        1338
         877        1338
         878        1338
         879        1338
         880        1338
         881        1338
         882        1338
         883        1338
         884        1338
         885        1338
         886        1338
         887        1338
         867        1339
         868        1339
         869        1339
         870        1339
         871        1339
         872        1339
         873        1339
         874        1339
         875        1339
         876        1339
         877        1339
         878        1339
         879        1339
         880        1339
         881        1339
         882        1339
         883        1339
         884        1339
         885        1339
         886        1339
         887        1339
         888        1339
         867        1340
         868        1340
         869        1340
         870        1340
         871        1340
         872        1340
         873        1340
         874        1340
         875        1340
         876        1340
         877        1340
         878        1340
         879        1340
         880        1340
         881        1340
         882        1340
         883        1340
         884        1340
         885        1340
         886        1340
         887        1340
         888        1340
         868        1341
         869        1341
         870        1341
         871        1341
         872        1341
         873        1341
         874        1341
         875        1341
         876        1341
         877        1341
         878        1341
         879        1341
         880        1341
         881        1341
         882        1341
         883        1341
         884        1341
         885        1341
         886        1341
         887        1341
         888        1341
         868        1342
         869        1342
         870        1342
         871        1342
         872        1342
         873        1342
         874        1342
         875        1342
         876        1342
         877        1342
         878        1342
         879        1342
         880        1342
         881        1342
         882        1342
         883        1342
         884        1342
         885        1342
         886        1342
         887        1342
         888        1342
         889        1342
         869        1343
         870        1343
         871        1343
         872        1343
         873        1343
         874        1343
         875        1343
         876        1343
         877        1343
         878        1343
         879        1343
         880        1343
         881        1343
         882        1343
         883        1343
         884        1343
         885        1343
         886        1343
         887        1343
         888        1343
         889        1343
         869        1344
         870        1344
         871        1344
         872        1344
         873        1344
         874        1344
         875        1344
         876        1344
         877        1344
         878        1344
         879        1344
         880        1344
         881        1344
         882        1344
         883        1344
         884        1344
         885        1344
         886        1344
         887        1344
         888        1344
         889        1344
         890        1344
         870        1345
         871        1345
         872        1345
         873        1345
         874        1345
         875        1345
         876        1345
         877        1345
         878        1345
         879        1345
         880        1345
         881        1345
         882        1345
         883        1345
         884        1345
         885        1345
         886        1345
         887        1345
         888        1345
         889        1345
         870        1346
         871        1346
         872        1346
         873        1346
         874        1346
         875        1346
         876        1346
         877        1346
         878        1346
         879        1346
         880        1346
         881        1346
         882        1346
         883        1346
         884        1346
         885        1346
         886        1346
         887        1346
         871        1347
         872        1347
         873        1347
         874        1347
         875        1347
         876        1347
         877        1347
         878        1347
         879        1347
         880        1347
         881        1347
         882        1347
         883        1347
         884        1347
         871        1348
         872        1348
         873        1348
         874        1348
         875        1348
         876        1348
         877        1348
         878        1348
         879        1348
         880        1348
         881        1348
         882        1348
         871        1349
         872        1349
         873        1349
         874        1349
         875        1349
         876        1349
         877        1349
         878        1349
         879        1349
         880        1349
         872        1350
         873        1350
         874        1350
         875        1350
         876        1350
         877        1350
         878        1350
         872        1351
         873        1351
         874        1351
         875        1351
         873        1352
         874        1309
         872        1310
         873        1310
         874        1310
         875        1310
         869        1311
         870        1311
         871        1311
         872        1311
         873        1311
         874        1311
         875        1311
         867        1312
         868        1312
         869        1312
         870        1312
         871        1312
         872        1312
         873        1312
         874        1312
         875        1312
         876        1312
         865        1313
         866        1313
         867        1313
         868        1313
         869        1313
         870        1313
         871        1313
         872        1313
         873        1313
         874        1313
         875        1313
         876        1313
         863        1314
         864        1314
         865        1314
         866        1314
         867        1314
         868        1314
         869        1314
         870        1314
         871        1314
         872        1314
         873        1314
         874        1314
         875        1314
         876        1314
         860        1315
         861        1315
         862        1315
         863        1315
         864        1315
         865        1315
         866        1315
         867        1315
         868        1315
         869        1315
         870        1315
         871        1315
         872        1315
         873        1315
         874        1315
         875        1315
         876        1315
         877        1315
         858        1316
         859        1316
         860        1316
         861        1316
         862        1316
         863        1316
         864        1316
         865        1316
         866        1316
         867        1316
         868        1316
         869        1316
         870        1316
         871        1316
         872        1316
         873        1316
         874        1316
         875        1316
         876        1316
         877        1316
         857        1317
         858        1317
         859        1317
         860        1317
         861        1317
         862        1317
         863        1317
         864        1317
         865        1317
         866        1317
         867        1317
         868        1317
         869        1317
         870        1317
         871        1317
         872        1317
         873        1317
         874        1317
         875        1317
         876        1317
         877        1317
         878        1317
         858        1318
         859        1318
         860        1318
         861        1318
         862        1318
         863        1318
         864        1318
         865        1318
         866        1318
         867        1318
         868        1318
         869        1318
         870        1318
         871        1318
         872        1318
         873        1318
         874        1318
         875        1318
         876        1318
         877        1318
         878        1318
         858        1319
         859        1319
         860        1319
         861        1319
         862        1319
         863        1319
         864        1319
         865        1319
         866        1319
         867        1319
         868        1319
         869        1319
         870        1319
         871        1319
         872        1319
         873        1319
         874        1319
         875        1319
         876        1319
         877        1319
         878        1319
         879        1319
         859        1320
         860        1320
         861        1320
         862        1320
         863        1320
         864        1320
         865        1320
         866        1320
         867        1320
         868        1320
         869        1320
         870        1320
         871        1320
         872        1320
         873        1320
         874        1320
         875        1320
         876        1320
         877        1320
         878        1320
         879        1320
         859        1321
         860        1321
         861        1321
         862        1321
         863        1321
         864        1321
         865        1321
         866        1321
         867        1321
         868        1321
         869        1321
         870        1321
         871        1321
         872        1321
         873        1321
         874        1321
         875        1321
         876        1321
         877        1321
         878        1321
         879        1321
         880        1321
         859        1322
         860        1322
         861        1322
         862        1322
         863        1322
         864        1322
         865        1322
         866        1322
         867        1322
         868        1322
         869        1322
         870        1322
         871        1322
         872        1322
         873        1322
         874        1322
         875        1322
         876        1322
         877        1322
         878        1322
         879        1322
         880        1322
         860        1323
         861        1323
         862        1323
         863        1323
         864        1323
         865        1323
         866        1323
         867        1323
         868        1323
         869        1323
         870        1323
         871        1323
         872        1323
         873        1323
         874        1323
         875        1323
         876        1323
         877        1323
         878        1323
         879        1323
         880        1323
         860        1324
         861        1324
         862        1324
         863        1324
         864        1324
         865        1324
         866        1324
         867        1324
         868        1324
         869        1324
         870        1324
         871        1324
         872        1324
         873        1324
         874        1324
         875        1324
         876        1324
         877        1324
         878        1324
         879        1324
         880        1324
         881        1324
         861        1325
         862        1325
         863        1325
         864        1325
         865        1325
         866        1325
         867        1325
         868        1325
         869        1325
         870        1325
         871        1325
         872        1325
         873        1325
         874        1325
         875        1325
         876        1325
         877        1325
         878        1325
         879        1325
         880        1325
         881        1325
         861        1326
         862        1326
         863        1326
         864        1326
         865        1326
         866        1326
         867        1326
         868        1326
         869        1326
         870        1326
         871        1326
         872        1326
         873        1326
         874        1326
         875        1326
         876        1326
         877        1326
         878        1326
         879        1326
         880        1326
         881        1326
         882        1326
         862        1327
         863        1327
         864        1327
         865        1327
         866        1327
         867        1327
         868        1327
         869        1327
         870        1327
         871        1327
         872        1327
         873        1327
         874        1327
         875        1327
         876        1327
         877        1327
         878        1327
         879        1327
         880        1327
         881        1327
         862        1328
         863        1328
         864        1328
         865        1328
         866        1328
         867        1328
         868        1328
         869        1328
         870        1328
         871        1328
         872        1328
         873        1328
         874        1328
         875        1328
         876        1328
         877        1328
         878        1328
         879        1328
         863        1329
         864        1329
         865        1329
         866        1329
         867        1329
         868        1329
         869        1329
         870        1329
         871        1329
         872        1329
         873        1329
         874        1329
         875        1329
         876        1329
         863        1330
         864        1330
         865        1330
         866        1330
         867        1330
         868        1330
         869        1330
         870        1330
         871        1330
         872        1330
         873        1330
         874        1330
         863        1331
         864        1331
         865        1331
         866        1331
         867        1331
         868        1331
         869        1331
         870        1331
         871        1331
         872        1331
         864        1332
         865        1332
         866        1332
         867        1332
         868        1332
         869        1332
         870        1332
         864        1333
         865        1333
         866        1333
         867        1333
         865        1334
