         847        1511
         845        1512
         846        1512
         847        1512
         848        1512
         843        1513
         844        1513
         845        1513
         846        1513
         847        1513
         848        1513
         841        1514
         842        1514
         843        1514
         844        1514
         845        1514
         846        1514
         847        1514
         848        1514
         839        1515
         840        1515
         841        1515
         842        1515
         843        1515
         844        1515
         845        1515
         846        1515
         847        1515
         848        1515
         849        1515
         837        1516
         838        1516
         839        1516
         840        1516
         841        1516
         842        1516
         843        1516
         844        1516
         845        1516
         846        1516
         847        1516
         848        1516
         849        1516
         835        1517
         836        1517
         837        1517
         838        1517
         839        1517
         840        1517
         841        1517
         842        1517
         843        1517
         844        1517
         845        1517
         846        1517
         847        1517
         848        1517
         849        1517
         850        1517
         833        1518
         834        1518
         835        1518
         836        1518
         837        1518
         838        1518
         839        1518
         840        1518
         841        1518
         842        1518
         843        1518
         844        1518
         845        1518
         846        1518
         847        1518
         848        1518
         849        1518
         850        1518
         831        1519
         832        1519
         833        1519
         834        1519
         835        1519
         836        1519
         837        1519
         838        1519
         839        1519
         840        1519
         841        1519
         842        1519
         843        1519
         844        1519
         845        1519
         846        1519
         847        1519
         848        1519
         849        1519
         850        1519
         851        1519
         830        1520
         831        1520
         832        1520
         833        1520
         834        1520
         835        1520
         836        1520
         837        1520
         838        1520
         839        1520
         840        1520
         841        1520
         842        1520
         843        1520
         844        1520
         845        1520
         846        1520
         847        1520
         848        1520
         849        1520
         850        1520
         851        1520
         831        1521
         832        1521
         833        1521
         834        1521
         835        1521
         836        1521
         837        1521
         838        1521
         839        1521
         840        1521
         841        1521
         842        1521
         843        1521
         844        1521
         845        1521
         846        1521
         847        1521
         848        1521
         849        1521
         850        1521
         851        1521
         831        1522
         832        1522
         833        1522
         834        1522
         835        1522
         836        1522
         837        1522
         838        1522
         839        1522
         840        1522
         841        1522
         842        1522
         843        1522
         844        1522
         845        1522
         846        1522
         847        1522
         848        1522
         849        1522
         850        1522
         851        1522
         852        1522
         832        1523
         833        1523
         834        1523
         835        1523
         836        1523
         837        1523
         838        1523
         839        1523
         840        1523
         841        1523
         842        1523
         843        1523
         844        1523
         845        1523
         846        1523
         847        1523
         848        1523
         849        1523
         850        1523
         851        1523
         852        1523
         832        1524
         833        1524
         834        1524
         835        1524
         836        1524
         837        1524
         838        1524
         839        1524
         840        1524
         841        1524
         842        1524
         843        1524
         844        1524
         845        1524
         846        1524
         847        1524
         848        1524
         849        1524
         850        1524
         851        1524
         852        1524
         853        1524
         832        1525
         833        1525
         834        1525
         835        1525
         836        1525
         837        1525
         838        1525
         839        1525
         840        1525
         841        1525
         842        1525
         843        1525
         844        1525
         845        1525
         846        1525
         847        1525
         848        1525
         849        1525
         850        1525
         851        1525
         852        1525
         853        1525
         833        1526
         834        1526
         835        1526
         836        1526
         837        1526
         838        1526
         839        1526
         840        1526
         841        1526
         842        1526
         843        1526
         844        1526
         845        1526
         846        1526
         847        1526
         848        1526
         849        1526
         850        1526
         851        1526
         852        1526
         853        1526
         854        1526
         833        1527
         834        1527
         835        1527
         836        1527
         837        1527
         838        1527
         839        1527
         840        1527
         841        1527
         842        1527
         843        1527
         844        1527
         845        1527
         846        1527
         847        1527
         848        1527
         849        1527
         850        1527
         851        1527
         852        1527
         853        1527
         854        1527
         834        1528
         835        1528
         836        1528
         837        1528
         838        1528
         839        1528
         840        1528
         841        1528
         842        1528
         843        1528
         844        1528
         845        1528
         846        1528
         847        1528
         848        1528
         849        1528
         850        1528
         851        1528
         852        1528
         853        1528
         854        1528
         834        1529
         835        1529
         836        1529
         837        1529
         838        1529
         839        1529
         840        1529
         841        1529
         842        1529
         843        1529
         844        1529
         845        1529
         846        1529
         847        1529
         848        1529
         849        1529
         850        1529
         851        1529
         852        1529
         853        1529
         854        1529
         855        1529
         835        1530
         836        1530
         837        1530
         838        1530
         839        1530
         840        1530
         841        1530
         842        1530
         843        1530
         844        1530
         845        1530
         846        1530
         847        1530
         848        1530
         849        1530
         850        1530
         851        1530
         852        1530
         853        1530
         854        1530
         835        1531
         836        1531
         837        1531
         838        1531
         839        1531
         840        1531
         841        1531
         842        1531
         843        1531
         844        1531
         845        1531
         846        1531
         847        1531
         848        1531
         849        1531
         850        1531
         851        1531
         852        1531
         836        1532
         837        1532
         838        1532
         839        1532
         840        1532
         841        1532
         842        1532
         843        1532
         844        1532
         845        1532
         846        1532
         847        1532
         848        1532
         849        1532
         836        1533
         837        1533
         838        1533
         839        1533
         840        1533
         841        1533
         842        1533
         843        1533
         844        1533
         845        1533
         846        1533
         847        1533
         836        1534
         837        1534
         838        1534
         839        1534
         840        1534
         841        1534
         842        1534
         843        1534
         844        1534
         845        1534
         837        1535
         838        1535
         839        1535
         840        1535
         841        1535
         842        1535
         843        1535
         837        1536
         838        1536
         839        1536
         840        1536
         838        1537
         839        1493
         836        1494
         837        1494
         838        1494
         839        1494
         840        1494
         834        1495
         835        1495
         836        1495
         837        1495
         838        1495
         839        1495
         840        1495
         832        1496
         833        1496
         834        1496
         835        1496
         836        1496
         837        1496
         838        1496
         839        1496
         840        1496
         841        1496
         829        1497
         830        1497
         831        1497
         832        1497
         833        1497
         834        1497
         835        1497
         836        1497
         837        1497
         838        1497
         839        1497
         840        1497
         841        1497
         827        1498
         828        1498
         829        1498
         830        1498
         831        1498
         832        1498
         833        1498
         834        1498
         835        1498
         836        1498
         837        1498
         838        1498
         839        1498
         840        1498
         841        1498
         825        1499
         826        1499
         827        1499
         828        1499
         829        1499
         830        1499
         831        1499
         832        1499
         833        1499
         834        1499
         835        1499
         836        1499
         837        1499
         838        1499
         839        1499
         840        1499
         841        1499
         842        1499
         822        1500
         823        1500
         824        1500
         825        1500
         826        1500
         827        1500
         828        1500
         829        1500
         830        1500
         831        1500
         832        1500
         833        1500
         834        1500
         835        1500
         836        1500
         837        1500
         838        1500
         839        1500
         840        1500
         841        1500
         842        1500
         821        1501
         822        1501
         823        1501
         824        1501
         825        1501
         826        1501
         827        1501
         828        1501
         829        1501
         830        1501
         831        1501
         832        1501
         833        1501
         834        1501
         835        1501
         836        1501
         837        1501
         838        1501
         839        1501
         840        1501
         841        1501
         842        1501
         843        1501
         822        1502
         823        1502
         824        1502
         825        1502
         826        1502
         827        1502
         828        1502
         829        1502
         830        1502
         831        1502
         832        1502
         833        1502
         834        1502
         835        1502
         836        1502
         837        1502
         838        1502
         839        1502
         840        1502
         841        1502
         842        1502
         843        1502
         822        1503
         823        1503
         824        1503
         825        1503
         826        1503
         827        1503
         828        1503
         829        1503
         830        1503
         831        1503
         832        1503
         833        1503
         834        1503
         835        1503
         836        1503
         837        1503
         838        1503
         839        1503
         840        1503
         841        1503
         842        1503
         843        1503
         844        1503
         823        1504
         824        1504
         825        1504
         826        1504
         827        1504
         828        1504
         829        1504
         830        1504
         831        1504
         832        1504
         833        1504
         834        1504
         835        1504
         836        1504
         837        1504
         838        1504
         839        1504
         840        1504
         841        1504
         842        1504
         843        1504
         844        1504
         823        1505
         824        1505
         825        1505
         826        1505
         827        1505
         828        1505
         829        1505
         830        1505
         831        1505
         832        1505
         833        1505
         834        1505
         835        1505
         836        1505
         837        1505
         838        1505
         839        1505
         840        1505
         841        1505
         842        1505
         843        1505
         844        1505
         845        1505
         824        1506
         825        1506
         826        1506
         827        1506
         828        1506
         829        1506
         830        1506
         831        1506
         832        1506
         833        1506
         834        1506
         835        1506
         836        1506
         837        1506
         838        1506
         839        1506
         840        1506
         841        1506
         842        1506
         843        1506
         844        1506
         845        1506
         824        1507
         825        1507
         826        1507
         827        1507
         828        1507
         829        1507
         830        1507
         831        1507
         832        1507
         833        1507
         834        1507
         835        1507
         836        1507
         837        1507
         838        1507
         839        1507
         840        1507
         841        1507
         842        1507
         843        1507
         844        1507
         845        1507
         825        1508
         826        1508
         827        1508
         828        1508
         829        1508
         830        1508
         831        1508
         832        1508
         833        1508
         834        1508
         835        1508
         836        1508
         837        1508
         838        1508
         839        1508
         840        1508
         841        1508
         842        1508
         843        1508
         844        1508
         845        1508
         846        1508
         825        1509
         826        1509
         827        1509
         828        1509
         829        1509
         830        1509
         831        1509
         832        1509
         833        1509
         834        1509
         835        1509
         836        1509
         837        1509
         838        1509
         839        1509
         840        1509
         841        1509
         842        1509
         843        1509
         844        1509
         845        1509
         846        1509
         826        1510
         827        1510
         828        1510
         829        1510
         830        1510
         831        1510
         832        1510
         833        1510
         834        1510
         835        1510
         836        1510
         837        1510
         838        1510
         839        1510
         840        1510
         841        1510
         842        1510
         843        1510
         844        1510
         845        1510
         846        1510
         847        1510
         826        1511
         827        1511
         828        1511
         829        1511
         830        1511
         831        1511
         832        1511
         833        1511
         834        1511
         835        1511
         836        1511
         837        1511
         838        1511
         839        1511
         840        1511
         841        1511
         842        1511
         843        1511
         844        1511
         845        1511
         846        1511
         826        1512
         827        1512
         828        1512
         829        1512
         830        1512
         831        1512
         832        1512
         833        1512
         834        1512
         835        1512
         836        1512
         837        1512
         838        1512
         839        1512
         840        1512
         841        1512
         842        1512
         843        1512
         844        1512
         827        1513
         828        1513
         829        1513
         830        1513
         831        1513
         832        1513
         833        1513
         834        1513
         835        1513
         836        1513
         837        1513
         838        1513
         839        1513
         840        1513
         841        1513
         842        1513
         827        1514
         828        1514
         829        1514
         830        1514
         831        1514
         832        1514
         833        1514
         834        1514
         835        1514
         836        1514
         837        1514
         838        1514
         839        1514
         840        1514
         828        1515
         829        1515
         830        1515
         831        1515
         832        1515
         833        1515
         834        1515
         835        1515
         836        1515
         837        1515
         838        1515
         828        1516
         829        1516
         830        1516
         831        1516
         832        1516
         833        1516
         834        1516
         835        1516
         836        1516
         829        1517
         830        1517
         831        1517
         832        1517
         833        1517
         834        1517
         829        1518
         830        1518
         831        1518
         832        1518
         830        1519
         865        1503
         863        1504
         864        1504
         865        1504
         866        1504
         860        1505
         861        1505
         862        1505
         863        1505
         864        1505
         865        1505
         866        1505
         858        1506
         859        1506
         860        1506
         861        1506
         862        1506
         863        1506
         864        1506
         865        1506
         866        1506
         867        1506
         856        1507
         857        1507
         858        1507
         859        1507
         860        1507
         861        1507
         862        1507
         863        1507
         864        1507
         865        1507
         866        1507
         867        1507
         854        1508
         855        1508
         856        1508
         857        1508
         858        1508
         859        1508
         860        1508
         861        1508
         862        1508
         863        1508
         864        1508
         865        1508
         866        1508
         867        1508
         851        1509
         852        1509
         853        1509
         854        1509
         855        1509
         856        1509
         857        1509
         858        1509
         859        1509
         860        1509
         861        1509
         862        1509
         863        1509
         864        1509
         865        1509
         866        1509
         867        1509
         868        1509
         849        1510
         850        1510
         851        1510
         852        1510
         853        1510
         854        1510
         855        1510
         856        1510
         857        1510
         858        1510
         859        1510
         860        1510
         861        1510
         862        1510
         863        1510
         864        1510
         865        1510
         866        1510
         867        1510
         868        1510
         848        1511
         849        1511
         850        1511
         851        1511
         852        1511
         853        1511
         854        1511
         855        1511
         856        1511
         857        1511
         858        1511
         859        1511
         860        1511
         861        1511
         862        1511
         863        1511
         864        1511
         865        1511
         866        1511
         867        1511
         868        1511
         869        1511
         849        1512
         850        1512
         851        1512
         852        1512
         853        1512
         854        1512
         855        1512
         856        1512
         857        1512
         858        1512
         859        1512
         860        1512
         861        1512
         862        1512
         863        1512
         864        1512
         865        1512
         866        1512
         867        1512
         868        1512
         869        1512
         849        1513
         850        1513
         851        1513
         852        1513
         853        1513
         854        1513
         855        1513
         856        1513
         857        1513
         858        1513
         859        1513
         860        1513
         861        1513
         862        1513
         863        1513
         864        1513
         865        1513
         866        1513
         867        1513
         868        1513
         869        1513
         870        1513
         849        1514
         850        1514
         851        1514
         852        1514
         853        1514
         854        1514
         855        1514
         856        1514
         857        1514
         858        1514
         859        1514
         860        1514
         861        1514
         862        1514
         863        1514
         864        1514
         865        1514
         866        1514
         867        1514
         868        1514
         869        1514
         870        1514
         850        1515
         851        1515
         852        1515
         853        1515
         854        1515
         855        1515
         856        1515
         857        1515
         858        1515
         859        1515
         860        1515
         861        1515
         862        1515
         863        1515
         864        1515
         865        1515
         866        1515
         867        1515
         868        1515
         869        1515
         870        1515
         871        1515
         850        1516
         851        1516
         852        1516
         853        1516
         854        1516
         855        1516
         856        1516
         857        1516
         858        1516
         859        1516
         860        1516
         861        1516
         862        1516
         863        1516
         864        1516
         865        1516
         866        1516
         867        1516
         868        1516
         869        1516
         870        1516
         871        1516
         851        1517
         852        1517
         853        1517
         854        1517
         855        1517
         856        1517
         857        1517
         858        1517
         859        1517
         860        1517
         861        1517
         862        1517
         863        1517
         864        1517
         865        1517
         866        1517
         867        1517
         868        1517
         869        1517
         870        1517
         871        1517
         851        1518
         852        1518
         853        1518
         854        1518
         855        1518
         856        1518
         857        1518
         858        1518
         859        1518
         860        1518
         861        1518
         862        1518
         863        1518
         864        1518
         865        1518
         866        1518
         867        1518
         868        1518
         869        1518
         870        1518
         871        1518
         872        1518
         852        1519
         853        1519
         854        1519
         855        1519
         856        1519
         857        1519
         858        1519
         859        1519
         860        1519
         861        1519
         862        1519
         863        1519
         864        1519
         865        1519
         866        1519
         867        1519
         868        1519
         869        1519
         870        1519
         871        1519
         872        1519
         852        1520
         853        1520
         854        1520
         855        1520
         856        1520
         857        1520
         858        1520
         859        1520
         860        1520
         861        1520
         862        1520
         863        1520
         864        1520
         865        1520
         866        1520
         867        1520
         868        1520
         869        1520
         870        1520
         871        1520
         872        1520
         873        1520
         852        1521
         853        1521
         854        1521
         855        1521
         856        1521
         857        1521
         858        1521
         859        1521
         860        1521
         861        1521
         862        1521
         863        1521
         864        1521
         865        1521
         866        1521
         867        1521
         868        1521
         869        1521
         870        1521
         871        1521
         872        1521
         853        1522
         854        1522
         855        1522
         856        1522
         857        1522
         858        1522
         859        1522
         860        1522
         861        1522
         862        1522
         863        1522
         864        1522
         865        1522
         866        1522
         867        1522
         868        1522
         869        1522
         870        1522
         853        1523
         854        1523
         855        1523
         856        1523
         857        1523
         858        1523
         859        1523
         860        1523
         861        1523
         862        1523
         863        1523
         864        1523
         865        1523
         866        1523
         867        1523
         868        1523
         854        1524
         855        1524
         856        1524
         857        1524
         858        1524
         859        1524
         860        1524
         861        1524
         862        1524
         863        1524
         864        1524
         865        1524
         866        1524
         854        1525
         855        1525
         856        1525
         857        1525
         858        1525
         859        1525
         860        1525
         861        1525
         862        1525
         863        1525
         864        1525
         855        1526
         856        1526
         857        1526
         858        1526
         859        1526
         860        1526
         861        1526
         862        1526
         855        1527
         856        1527
         857        1527
         858        1527
         859        1527
         860        1527
         855        1528
         856        1528
         857        1528
         858        1528
         856        1529
         857        1485
         855        1486
         856        1486
         857        1486
         858        1486
         852        1487
         853        1487
         854        1487
         855        1487
         856        1487
         857        1487
         858        1487
         850        1488
         851        1488
         852        1488
         853        1488
         854        1488
         855        1488
         856        1488
         857        1488
         858        1488
         859        1488
         848        1489
         849        1489
         850        1489
         851        1489
         852        1489
         853        1489
         854        1489
         855        1489
         856        1489
         857        1489
         858        1489
         859        1489
         846        1490
         847        1490
         848        1490
         849        1490
         850        1490
         851        1490
         852        1490
         853        1490
         854        1490
         855        1490
         856        1490
         857        1490
         858        1490
         859        1490
         843        1491
         844        1491
         845        1491
         846        1491
         847        1491
         848        1491
         849        1491
         850        1491
         851        1491
         852        1491
         853        1491
         854        1491
         855        1491
         856        1491
         857        1491
         858        1491
         859        1491
         860        1491
         841        1492
         842        1492
         843        1492
         844        1492
         845        1492
         846        1492
         847        1492
         848        1492
         849        1492
         850        1492
         851        1492
         852        1492
         853        1492
         854        1492
         855        1492
         856        1492
         857        1492
         858        1492
         859        1492
         860        1492
         840        1493
         841        1493
         842        1493
         843        1493
         844        1493
         845        1493
         846        1493
         847        1493
         848        1493
         849        1493
         850        1493
         851        1493
         852        1493
         853        1493
         854        1493
         855        1493
         856        1493
         857        1493
         858        1493
         859        1493
         860        1493
         861        1493
         841        1494
         842        1494
         843        1494
         844        1494
         845        1494
         846        1494
         847        1494
         848        1494
         849        1494
         850        1494
         851        1494
         852        1494
         853        1494
         854        1494
         855        1494
         856        1494
         857        1494
         858        1494
         859        1494
         860        1494
         861        1494
         841        1495
         842        1495
         843        1495
         844        1495
         845        1495
         846        1495
         847        1495
         848        1495
         849        1495
         850        1495
         851        1495
         852        1495
         853        1495
         854        1495
         855        1495
         856        1495
         857        1495
         858        1495
         859        1495
         860        1495
         861        1495
         862        1495
         842        1496
         843        1496
         844        1496
         845        1496
         846        1496
         847        1496
         848        1496
         849        1496
         850        1496
         851        1496
         852        1496
         853        1496
         854        1496
         855        1496
         856        1496
         857        1496
         858        1496
         859        1496
         860        1496
         861        1496
         862        1496
         842        1497
         843        1497
         844        1497
         845        1497
         846        1497
         847        1497
         848        1497
         849        1497
         850        1497
         851        1497
         852        1497
         853        1497
         854        1497
         855        1497
         856        1497
         857        1497
         858        1497
         859        1497
         860        1497
         861        1497
         862        1497
         863        1497
         842        1498
         843        1498
         844        1498
         845        1498
         846        1498
         847        1498
         848        1498
         849        1498
         850        1498
         851        1498
         852        1498
         853        1498
         854        1498
         855        1498
         856        1498
         857        1498
         858        1498
         859        1498
         860        1498
         861        1498
         862        1498
         863        1498
         843        1499
         844        1499
         845        1499
         846        1499
         847        1499
         848        1499
         849        1499
         850        1499
         851        1499
         852        1499
         853        1499
         854        1499
         855        1499
         856        1499
         857        1499
         858        1499
         859        1499
         860        1499
         861        1499
         862        1499
         863        1499
         843        1500
         844        1500
         845        1500
         846        1500
         847        1500
         848        1500
         849        1500
         850        1500
         851        1500
         852        1500
         853        1500
         854        1500
         855        1500
         856        1500
         857        1500
         858        1500
         859        1500
         860        1500
         861        1500
         862        1500
         863        1500
         864        1500
         844        1501
         845        1501
         846        1501
         847        1501
         848        1501
         849        1501
         850        1501
         851        1501
         852        1501
         853        1501
         854        1501
         855        1501
         856        1501
         857        1501
         858        1501
         859        1501
         860        1501
         861        1501
         862        1501
         863        1501
         864        1501
         844        1502
         845        1502
         846        1502
         847        1502
         848        1502
         849        1502
         850        1502
         851        1502
         852        1502
         853        1502
         854        1502
         855        1502
         856        1502
         857        1502
         858        1502
         859        1502
         860        1502
         861        1502
         862        1502
         863        1502
         864        1502
         865        1502
         845        1503
         846        1503
         847        1503
         848        1503
         849        1503
         850        1503
         851        1503
         852        1503
         853        1503
         854        1503
         855        1503
         856        1503
         857        1503
         858        1503
         859        1503
         860        1503
         861        1503
         862        1503
         863        1503
         864        1503
         845        1504
         846        1504
         847        1504
         848        1504
         849        1504
         850        1504
         851        1504
         852        1504
         853        1504
         854        1504
         855        1504
         856        1504
         857        1504
         858        1504
         859        1504
         860        1504
         861        1504
         862        1504
         846        1505
         847        1505
         848        1505
         849        1505
         850        1505
         851        1505
         852        1505
         853        1505
         854        1505
         855        1505
         856        1505
         857        1505
         858        1505
         859        1505
         846        1506
         847        1506
         848        1506
         849        1506
         850        1506
         851        1506
         852        1506
         853        1506
         854        1506
         855        1506
         856        1506
         857        1506
         846        1507
         847        1507
         848        1507
         849        1507
         850        1507
         851        1507
         852        1507
         853        1507
         854        1507
         855        1507
         847        1508
         848        1508
         849        1508
         850        1508
         851        1508
         852        1508
         853        1508
         847        1509
         848        1509
         849        1509
         850        1509
         848        1510
