         966        1656
         964        1657
         965        1657
         966        1657
         967        1657
         961        1658
         962        1658
         963        1658
         964        1658
         965        1658
         966        1658
         967        1658
         959        1659
         960        1659
         961        1659
         962        1659
         963        1659
         964        1659
         965        1659
         966        1659
         967        1659
         968        1659
         957        1660
         958        1660
         959        1660
         960        1660
         961        1660
         962        1660
         963        1660
         964        1660
         965        1660
         966        1660
         967        1660
         968        1660
         955        1661
         956        1661
         957        1661
         958        1661
         959        1661
         960        1661
         961        1661
         962        1661
         963        1661
         964        1661
         965        1661
         966        1661
         967        1661
         968        1661
         969        1661
         952        1662
         953        1662
         954        1662
         955        1662
         956        1662
         957        1662
         958        1662
         959        1662
         960        1662
         961        1662
         962        1662
         963        1662
         964        1662
         965        1662
         966        1662
         967        1662
         968        1662
         969        1662
         950        1663
         951        1663
         952        1663
         953        1663
         954        1663
         955        1663
         956        1663
         957        1663
         958        1663
         959        1663
         960        1663
         961        1663
         962        1663
         963        1663
         964        1663
         965        1663
         966        1663
         967        1663
         968        1663
         969        1663
         970        1663
         949        1664
         950        1664
         951        1664
         952        1664
         953        1664
         954        1664
         955        1664
         956        1664
         957        1664
         958        1664
         959        1664
         960        1664
         961        1664
         962        1664
         963        1664
         964        1664
         965        1664
         966        1664
         967        1664
         968        1664
         969        1664
         970        1664
         950        1665
         951        1665
         952        1665
         953        1665
         954        1665
         955        1665
         956        1665
         957        1665
         958        1665
         959        1665
         960        1665
         961        1665
         962        1665
         963        1665
         964        1665
         965        1665
         966        1665
         967        1665
         968        1665
         969        1665
         970        1665
         971        1665
         950        1666
         951        1666
         952        1666
         953        1666
         954        1666
         955        1666
         956        1666
         957        1666
         958        1666
         959        1666
         960        1666
         961        1666
         962        1666
         963        1666
         964        1666
         965        1666
         966        1666
         967        1666
         968        1666
         969        1666
         970        1666
         971        1666
         950        1667
         951        1667
         952        1667
         953        1667
         954        1667
         955        1667
         956        1667
         957        1667
         958        1667
         959        1667
         960        1667
         961        1667
         962        1667
         963        1667
         964        1667
         965        1667
         966        1667
         967        1667
         968        1667
         969        1667
         970        1667
         971        1667
         951        1668
         952        1668
         953        1668
         954        1668
         955        1668
         956        1668
         957        1668
         958        1668
         959        1668
         960        1668
         961        1668
         962        1668
         963        1668
         964        1668
         965        1668
         966        1668
         967        1668
         968        1668
         969        1668
         970        1668
         971        1668
         972        1668
         951        1669
         952        1669
         953        1669
         954        1669
         955        1669
         956        1669
         957        1669
         958        1669
         959        1669
         960        1669
         961        1669
         962        1669
         963        1669
         964        1669
         965        1669
         966        1669
         967        1669
         968        1669
         969        1669
         970        1669
         971        1669
         972        1669
         952        1670
         953        1670
         954        1670
         955        1670
         956        1670
         957        1670
         958        1670
         959        1670
         960        1670
         961        1670
         962        1670
         963        1670
         964        1670
         965        1670
         966        1670
         967        1670
         968        1670
         969        1670
         970        1670
         971        1670
         972        1670
         973        1670
         952        1671
         953        1671
         954        1671
         955        1671
         956        1671
         957        1671
         958        1671
         959        1671
         960        1671
         961        1671
         962        1671
         963        1671
         964        1671
         965        1671
         966        1671
         967        1671
         968        1671
         969        1671
         970        1671
         971        1671
         972        1671
         973        1671
         953        1672
         954        1672
         955        1672
         956        1672
         957        1672
         958        1672
         959        1672
         960        1672
         961        1672
         962        1672
         963        1672
         964        1672
         965        1672
         966        1672
         967        1672
         968        1672
         969        1672
         970        1672
         971        1672
         972        1672
         973        1672
         974        1672
         953        1673
         954        1673
         955        1673
         956        1673
         957        1673
         958        1673
         959        1673
         960        1673
         961        1673
         962        1673
         963        1673
         964        1673
         965        1673
         966        1673
         967        1673
         968        1673
         969        1673
         970        1673
         971        1673
         972        1673
         973        1673
         974        1673
         953        1674
         954        1674
         955        1674
         956        1674
         957        1674
         958        1674
         959        1674
         960        1674
         961        1674
         962        1674
         963        1674
         964        1674
         965        1674
         966        1674
         967        1674
         968        1674
         969        1674
         970        1674
         971        1674
         972        1674
         973        1674
         974        1674
         975        1674
         954        1675
         955        1675
         956        1675
         957        1675
         958        1675
         959        1675
         960        1675
         961        1675
         962        1675
         963        1675
         964        1675
         965        1675
         966        1675
         967        1675
         968        1675
         969        1675
         970        1675
         971        1675
         972        1675
         973        1675
         974        1675
         954        1676
         955        1676
         956        1676
         957        1676
         958        1676
         959        1676
         960        1676
         961        1676
         962        1676
         963        1676
         964        1676
         965        1676
         966        1676
         967        1676
         968        1676
         969        1676
         970        1676
         971        1676
         955        1677
         956        1677
         957        1677
         958        1677
         959        1677
         960        1677
         961        1677
         962        1677
         963        1677
         964        1677
         965        1677
         966        1677
         967        1677
         968        1677
         969        1677
         955        1678
         956        1678
         957        1678
         958        1678
         959        1678
         960        1678
         961        1678
         962        1678
         963        1678
         964        1678
         965        1678
         966        1678
         967        1678
         956        1679
         957        1679
         958        1679
         959        1679
         960        1679
         961        1679
         962        1679
         963        1679
         964        1679
         956        1680
         957        1680
         958        1680
         959        1680
         960        1680
         961        1680
         962        1680
         956        1681
         957        1681
         958        1681
         959        1681
         960        1681
         957        1682
         958        1638
         956        1639
         957        1639
         958        1639
         959        1639
         953        1640
         954        1640
         955        1640
         956        1640
         957        1640
         958        1640
         959        1640
         951        1641
         952        1641
         953        1641
         954        1641
         955        1641
         956        1641
         957        1641
         958        1641
         959        1641
         960        1641
         949        1642
         950        1642
         951        1642
         952        1642
         953        1642
         954        1642
         955        1642
         956        1642
         957        1642
         958        1642
         959        1642
         960        1642
         947        1643
         948        1643
         949        1643
         950        1643
         951        1643
         952        1643
         953        1643
         954        1643
         955        1643
         956        1643
         957        1643
         958        1643
         959        1643
         960        1643
         944        1644
         945        1644
         946        1644
         947        1644
         948        1644
         949        1644
         950        1644
         951        1644
         952        1644
         953        1644
         954        1644
         955        1644
         956        1644
         957        1644
         958        1644
         959        1644
         960        1644
         961        1644
         942        1645
         943        1645
         944        1645
         945        1645
         946        1645
         947        1645
         948        1645
         949        1645
         950        1645
         951        1645
         952        1645
         953        1645
         954        1645
         955        1645
         956        1645
         957        1645
         958        1645
         959        1645
         960        1645
         961        1645
         941        1646
         942        1646
         943        1646
         944        1646
         945        1646
         946        1646
         947        1646
         948        1646
         949        1646
         950        1646
         951        1646
         952        1646
         953        1646
         954        1646
         955        1646
         956        1646
         957        1646
         958        1646
         959        1646
         960        1646
         961        1646
         962        1646
         942        1647
         943        1647
         944        1647
         945        1647
         946        1647
         947        1647
         948        1647
         949        1647
         950        1647
         951        1647
         952        1647
         953        1647
         954        1647
         955        1647
         956        1647
         957        1647
         958        1647
         959        1647
         960        1647
         961        1647
         962        1647
         942        1648
         943        1648
         944        1648
         945        1648
         946        1648
         947        1648
         948        1648
         949        1648
         950        1648
         951        1648
         952        1648
         953        1648
         954        1648
         955        1648
         956        1648
         957        1648
         958        1648
         959        1648
         960        1648
         961        1648
         962        1648
         963        1648
         943        1649
         944        1649
         945        1649
         946        1649
         947        1649
         948        1649
         949        1649
         950        1649
         951        1649
         952        1649
         953        1649
         954        1649
         955        1649
         956        1649
         957        1649
         958        1649
         959        1649
         960        1649
         961        1649
         962        1649
         963        1649
         943        1650
         944        1650
         945        1650
         946        1650
         947        1650
         948        1650
         949        1650
         950        1650
         951        1650
         952        1650
         953        1650
         954        1650
         955        1650
         956        1650
         957        1650
         958        1650
         959        1650
         960        1650
         961        1650
         962        1650
         963        1650
         964        1650
         943        1651
         944        1651
         945        1651
         946        1651
         947        1651
         948        1651
         949        1651
         950        1651
         951        1651
         952        1651
         953        1651
         954        1651
         955        1651
         956        1651
         957        1651
         958        1651
         959        1651
         960        1651
         961        1651
         962        1651
         963        1651
         964        1651
         944        1652
         945        1652
         946        1652
         947        1652
         948        1652
         949        1652
         950        1652
         951        1652
         952        1652
         953        1652
         954        1652
         955        1652
         956        1652
         957        1652
         958        1652
         959        1652
         960        1652
         961        1652
         962        1652
         963        1652
         964        1652
         944        1653
         945        1653
         946        1653
         947        1653
         948        1653
         949        1653
         950        1653
         951        1653
         952        1653
         953        1653
         954        1653
         955        1653
         956        1653
         957        1653
         958        1653
         959        1653
         960        1653
         961        1653
         962        1653
         963        1653
         964        1653
         965        1653
         945        1654
         946        1654
         947        1654
         948        1654
         949        1654
         950        1654
         951        1654
         952        1654
         953        1654
         954        1654
         955        1654
         956        1654
         957        1654
         958        1654
         959        1654
         960        1654
         961        1654
         962        1654
         963        1654
         964        1654
         965        1654
         945        1655
         946        1655
         947        1655
         948        1655
         949        1655
         950        1655
         951        1655
         952        1655
         953        1655
         954        1655
         955        1655
         956        1655
         957        1655
         958        1655
         959        1655
         960        1655
         961        1655
         962        1655
         963        1655
         964        1655
         965        1655
         966        1655
         946        1656
         947        1656
         948        1656
         949        1656
         950        1656
         951        1656
         952        1656
         953        1656
         954        1656
         955        1656
         956        1656
         957        1656
         958        1656
         959        1656
         960        1656
         961        1656
         962        1656
         963        1656
         964        1656
         965        1656
         946        1657
         947        1657
         948        1657
         949        1657
         950        1657
         951        1657
         952        1657
         953        1657
         954        1657
         955        1657
         956        1657
         957        1657
         958        1657
         959        1657
         960        1657
         961        1657
         962        1657
         963        1657
         947        1658
         948        1658
         949        1658
         950        1658
         951        1658
         952        1658
         953        1658
         954        1658
         955        1658
         956        1658
         957        1658
         958        1658
         959        1658
         960        1658
         947        1659
         948        1659
         949        1659
         950        1659
         951        1659
         952        1659
         953        1659
         954        1659
         955        1659
         956        1659
         957        1659
         958        1659
         947        1660
         948        1660
         949        1660
         950        1660
         951        1660
         952        1660
         953        1660
         954        1660
         955        1660
         956        1660
         948        1661
         949        1661
         950        1661
         951        1661
         952        1661
         953        1661
         954        1661
         948        1662
         949        1662
         950        1662
         951        1662
         949        1663
         985        1648
         982        1649
         983        1649
         984        1649
         985        1649
         986        1649
         980        1650
         981        1650
         982        1650
         983        1650
         984        1650
         985        1650
         986        1650
         978        1651
         979        1651
         980        1651
         981        1651
         982        1651
         983        1651
         984        1651
         985        1651
         986        1651
         975        1652
         976        1652
         977        1652
         978        1652
         979        1652
         980        1652
         981        1652
         982        1652
         983        1652
         984        1652
         985        1652
         986        1652
         987        1652
         973        1653
         974        1653
         975        1653
         976        1653
         977        1653
         978        1653
         979        1653
         980        1653
         981        1653
         982        1653
         983        1653
         984        1653
         985        1653
         986        1653
         987        1653
         971        1654
         972        1654
         973        1654
         974        1654
         975        1654
         976        1654
         977        1654
         978        1654
         979        1654
         980        1654
         981        1654
         982        1654
         983        1654
         984        1654
         985        1654
         986        1654
         987        1654
         988        1654
         968        1655
         969        1655
         970        1655
         971        1655
         972        1655
         973        1655
         974        1655
         975        1655
         976        1655
         977        1655
         978        1655
         979        1655
         980        1655
         981        1655
         982        1655
         983        1655
         984        1655
         985        1655
         986        1655
         987        1655
         988        1655
         967        1656
         968        1656
         969        1656
         970        1656
         971        1656
         972        1656
         973        1656
         974        1656
         975        1656
         976        1656
         977        1656
         978        1656
         979        1656
         980        1656
         981        1656
         982        1656
         983        1656
         984        1656
         985        1656
         986        1656
         987        1656
         988        1656
         989        1656
         968        1657
         969        1657
         970        1657
         971        1657
         972        1657
         973        1657
         974        1657
         975        1657
         976        1657
         977        1657
         978        1657
         979        1657
         980        1657
         981        1657
         982        1657
         983        1657
         984        1657
         985        1657
         986        1657
         987        1657
         988        1657
         989        1657
         968        1658
         969        1658
         970        1658
         971        1658
         972        1658
         973        1658
         974        1658
         975        1658
         976        1658
         977        1658
         978        1658
         979        1658
         980        1658
         981        1658
         982        1658
         983        1658
         984        1658
         985        1658
         986        1658
         987        1658
         988        1658
         989        1658
         969        1659
         970        1659
         971        1659
         972        1659
         973        1659
         974        1659
         975        1659
         976        1659
         977        1659
         978        1659
         979        1659
         980        1659
         981        1659
         982        1659
         983        1659
         984        1659
         985        1659
         986        1659
         987        1659
         988        1659
         989        1659
         990        1659
         969        1660
         970        1660
         971        1660
         972        1660
         973        1660
         974        1660
         975        1660
         976        1660
         977        1660
         978        1660
         979        1660
         980        1660
         981        1660
         982        1660
         983        1660
         984        1660
         985        1660
         986        1660
         987        1660
         988        1660
         989        1660
         990        1660
         970        1661
         971        1661
         972        1661
         973        1661
         974        1661
         975        1661
         976        1661
         977        1661
         978        1661
         979        1661
         980        1661
         981        1661
         982        1661
         983        1661
         984        1661
         985        1661
         986        1661
         987        1661
         988        1661
         989        1661
         990        1661
         991        1661
         970        1662
         971        1662
         972        1662
         973        1662
         974        1662
         975        1662
         976        1662
         977        1662
         978        1662
         979        1662
         980        1662
         981        1662
         982        1662
         983        1662
         984        1662
         985        1662
         986        1662
         987        1662
         988        1662
         989        1662
         990        1662
         991        1662
         971        1663
         972        1663
         973        1663
         974        1663
         975        1663
         976        1663
         977        1663
         978        1663
         979        1663
         980        1663
         981        1663
         982        1663
         983        1663
         984        1663
         985        1663
         986        1663
         987        1663
         988        1663
         989        1663
         990        1663
         991        1663
         992        1663
         971        1664
         972        1664
         973        1664
         974        1664
         975        1664
         976        1664
         977        1664
         978        1664
         979        1664
         980        1664
         981        1664
         982        1664
         983        1664
         984        1664
         985        1664
         986        1664
         987        1664
         988        1664
         989        1664
         990        1664
         991        1664
         992        1664
         972        1665
         973        1665
         974        1665
         975        1665
         976        1665
         977        1665
         978        1665
         979        1665
         980        1665
         981        1665
         982        1665
         983        1665
         984        1665
         985        1665
         986        1665
         987        1665
         988        1665
         989        1665
         990        1665
         991        1665
         992        1665
         972        1666
         973        1666
         974        1666
         975        1666
         976        1666
         977        1666
         978        1666
         979        1666
         980        1666
         981        1666
         982        1666
         983        1666
         984        1666
         985        1666
         986        1666
         987        1666
         988        1666
         989        1666
         990        1666
         991        1666
         992        1666
         993        1666
         972        1667
         973        1667
         974        1667
         975        1667
         976        1667
         977        1667
         978        1667
         979        1667
         980        1667
         981        1667
         982        1667
         983        1667
         984        1667
         985        1667
         986        1667
         987        1667
         988        1667
         989        1667
         990        1667
         991        1667
         992        1667
         973        1668
         974        1668
         975        1668
         976        1668
         977        1668
         978        1668
         979        1668
         980        1668
         981        1668
         982        1668
         983        1668
         984        1668
         985        1668
         986        1668
         987        1668
         988        1668
         989        1668
         990        1668
         973        1669
         974        1669
         975        1669
         976        1669
         977        1669
         978        1669
         979        1669
         980        1669
         981        1669
         982        1669
         983        1669
         984        1669
         985        1669
         986        1669
         987        1669
         974        1670
         975        1670
         976        1670
         977        1670
         978        1670
         979        1670
         980        1670
         981        1670
         982        1670
         983        1670
         984        1670
         985        1670
         974        1671
         975        1671
         976        1671
         977        1671
         978        1671
         979        1671
         980        1671
         981        1671
         982        1671
         983        1671
         975        1672
         976        1672
         977        1672
         978        1672
         979        1672
         980        1672
         981        1672
         975        1673
         976        1673
         977        1673
         978        1673
         976        1674
         977        1630
         974        1631
         975        1631
         976        1631
         977        1631
         978        1631
         972        1632
         973        1632
         974        1632
         975        1632
         976        1632
         977        1632
         978        1632
         970        1633
         971        1633
         972        1633
         973        1633
         974        1633
         975        1633
         976        1633
         977        1633
         978        1633
         979        1633
         967        1634
         968        1634
         969        1634
         970        1634
         971        1634
         972        1634
         973        1634
         974        1634
         975        1634
         976        1634
         977        1634
         978        1634
         979        1634
         965        1635
         966        1635
         967        1635
         968        1635
         969        1635
         970        1635
         971        1635
         972        1635
         973        1635
         974        1635
         975        1635
         976        1635
         977        1635
         978        1635
         979        1635
         963        1636
         964        1636
         965        1636
         966        1636
         967        1636
         968        1636
         969        1636
         970        1636
         971        1636
         972        1636
         973        1636
         974        1636
         975        1636
         976        1636
         977        1636
         978        1636
         979        1636
         980        1636
         960        1637
         961        1637
         962        1637
         963        1637
         964        1637
         965        1637
         966        1637
         967        1637
         968        1637
         969        1637
         970        1637
         971        1637
         972        1637
         973        1637
         974        1637
         975        1637
         976        1637
         977        1637
         978        1637
         979        1637
         980        1637
         959        1638
         960        1638
         961        1638
         962        1638
         963        1638
         964        1638
         965        1638
         966        1638
         967        1638
         968        1638
         969        1638
         970        1638
         971        1638
         972        1638
         973        1638
         974        1638
         975        1638
         976        1638
         977        1638
         978        1638
         979        1638
         980        1638
         981        1638
         960        1639
         961        1639
         962        1639
         963        1639
         964        1639
         965        1639
         966        1639
         967        1639
         968        1639
         969        1639
         970        1639
         971        1639
         972        1639
         973        1639
         974        1639
         975        1639
         976        1639
         977        1639
         978        1639
         979        1639
         980        1639
         981        1639
         960        1640
         961        1640
         962        1640
         963        1640
         964        1640
         965        1640
         966        1640
         967        1640
         968        1640
         969        1640
         970        1640
         971        1640
         972        1640
         973        1640
         974        1640
         975        1640
         976        1640
         977        1640
         978        1640
         979        1640
         980        1640
         981        1640
         982        1640
         961        1641
         962        1641
         963        1641
         964        1641
         965        1641
         966        1641
         967        1641
         968        1641
         969        1641
         970        1641
         971        1641
         972        1641
         973        1641
         974        1641
         975        1641
         976        1641
         977        1641
         978        1641
         979        1641
         980        1641
         981        1641
         982        1641
         961        1642
         962        1642
         963        1642
         964        1642
         965        1642
         966        1642
         967        1642
         968        1642
         969        1642
         970        1642
         971        1642
         972        1642
         973        1642
         974        1642
         975        1642
         976        1642
         977        1642
         978        1642
         979        1642
         980        1642
         981        1642
         982        1642
         983        1642
         961        1643
         962        1643
         963        1643
         964        1643
         965        1643
         966        1643
         967        1643
         968        1643
         969        1643
         970        1643
         971        1643
         972        1643
         973        1643
         974        1643
         975        1643
         976        1643
         977        1643
         978        1643
         979        1643
         980        1643
         981        1643
         982        1643
         983        1643
         962        1644
         963        1644
         964        1644
         965        1644
         966        1644
         967        1644
         968        1644
         969        1644
         970        1644
         971        1644
         972        1644
         973        1644
         974        1644
         975        1644
         976        1644
         977        1644
         978        1644
         979        1644
         980        1644
         981        1644
         982        1644
         983        1644
         962        1645
         963        1645
         964        1645
         965        1645
         966        1645
         967        1645
         968        1645
         969        1645
         970        1645
         971        1645
         972        1645
         973        1645
         974        1645
         975        1645
         976        1645
         977        1645
         978        1645
         979        1645
         980        1645
         981        1645
         982        1645
         983        1645
         984        1645
         963        1646
         964        1646
         965        1646
         966        1646
         967        1646
         968        1646
         969        1646
         970        1646
         971        1646
         972        1646
         973        1646
         974        1646
         975        1646
         976        1646
         977        1646
         978        1646
         979        1646
         980        1646
         981        1646
         982        1646
         983        1646
         984        1646
         963        1647
         964        1647
         965        1647
         966        1647
         967        1647
         968        1647
         969        1647
         970        1647
         971        1647
         972        1647
         973        1647
         974        1647
         975        1647
         976        1647
         977        1647
         978        1647
         979        1647
         980        1647
         981        1647
         982        1647
         983        1647
         984        1647
         985        1647
         964        1648
         965        1648
         966        1648
         967        1648
         968        1648
         969        1648
         970        1648
         971        1648
         972        1648
         973        1648
         974        1648
         975        1648
         976        1648
         977        1648
         978        1648
         979        1648
         980        1648
         981        1648
         982        1648
         983        1648
         984        1648
         964        1649
         965        1649
         966        1649
         967        1649
         968        1649
         969        1649
         970        1649
         971        1649
         972        1649
         973        1649
         974        1649
         975        1649
         976        1649
         977        1649
         978        1649
         979        1649
         980        1649
         981        1649
         965        1650
         966        1650
         967        1650
         968        1650
         969        1650
         970        1650
         971        1650
         972        1650
         973        1650
         974        1650
         975        1650
         976        1650
         977        1650
         978        1650
         979        1650
         965        1651
         966        1651
         967        1651
         968        1651
         969        1651
         970        1651
         971        1651
         972        1651
         973        1651
         974        1651
         975        1651
         976        1651
         977        1651
         965        1652
         966        1652
         967        1652
         968        1652
         969        1652
         970        1652
         971        1652
         972        1652
         973        1652
         974        1652
         966        1653
         967        1653
         968        1653
         969        1653
         970        1653
         971        1653
         972        1653
         966        1654
         967        1654
         968        1654
         969        1654
         970        1654
         967        1655
