         662        1370
         660        1371
         661        1371
         662        1371
         663        1371
         657        1372
         658        1372
         659        1372
         660        1372
         661        1372
         662        1372
         663        1372
         655        1373
         656        1373
         657        1373
         658        1373
         659        1373
         660        1373
         661        1373
         662        1373
         663        1373
         653        1374
         654        1374
         655        1374
         656        1374
         657        1374
         658        1374
         659        1374
         660        1374
         661        1374
         662        1374
         663        1374
         664        1374
         651        1375
         652        1375
         653        1375
         654        1375
         655        1375
         656        1375
         657        1375
         658        1375
         659        1375
         660        1375
         661        1375
         662        1375
         663        1375
         664        1375
         648        1376
         649        1376
         650        1376
         651        1376
         652        1376
         653        1376
         654        1376
         655        1376
         656        1376
         657        1376
         658        1376
         659        1376
         660        1376
         661        1376
         662        1376
         663        1376
         664        1376
         665        1376
         646        1377
         647        1377
         648        1377
         649        1377
         650        1377
         651        1377
         652        1377
         653        1377
         654        1377
         655        1377
         656        1377
         657        1377
         658        1377
         659        1377
         660        1377
         661        1377
         662        1377
         663        1377
         664        1377
         665        1377
         645        1378
         646        1378
         647        1378
         648        1378
         649        1378
         650        1378
         651        1378
         652        1378
         653        1378
         654        1378
         655        1378
         656        1378
         657        1378
         658        1378
         659        1378
         660        1378
         661        1378
         662        1378
         663        1378
         664        1378
         665        1378
         666        1378
         646        1379
         647        1379
         648        1379
         649        1379
         650        1379
         651        1379
         652        1379
         653        1379
         654        1379
         655        1379
         656        1379
         657        1379
         658        1379
         659        1379
         660        1379
         661        1379
         662        1379
         663        1379
         664        1379
         665        1379
         666        1379
         646        1380
         647        1380
         648        1380
         649        1380
         650        1380
         651        1380
         652        1380
         653        1380
         654        1380
         655        1380
         656        1380
         657        1380
         658        1380
         659        1380
         660        1380
         661        1380
         662        1380
         663        1380
         664        1380
         665        1380
         666        1380
         647        1381
         648        1381
         649        1381
         650        1381
         651        1381
         652        1381
         653        1381
         654        1381
         655        1381
         656        1381
         657        1381
         658        1381
         659        1381
         660        1381
         661        1381
         662        1381
         663        1381
         664        1381
         665        1381
         666        1381
         667        1381
         647        1382
         648        1382
         649        1382
         650        1382
         651        1382
         652        1382
         653        1382
         654        1382
         655        1382
         656        1382
         657        1382
         658        1382
         659        1382
         660        1382
         661        1382
         662        1382
         663        1382
         664        1382
         665        1382
         666        1382
         667        1382
         647        1383
         648        1383
         649        1383
         650        1383
         651        1383
         652        1383
         653        1383
         654        1383
         655        1383
         656        1383
         657        1383
         658        1383
         659        1383
         660        1383
         661        1383
         662        1383
         663        1383
         664        1383
         665        1383
         666        1383
         667        1383
         668        1383
         648        1384
         649        1384
         650        1384
         651        1384
         652        1384
         653        1384
         654        1384
         655        1384
         656        1384
         657        1384
         658        1384
         659        1384
         660        1384
         661        1384
         662        1384
         663        1384
         664        1384
         665        1384
         666        1384
         667        1384
         668        1384
         648        1385
         649        1385
         650        1385
         651        1385
         652        1385
         653        1385
         654        1385
         655        1385
         656        1385
         657        1385
         658        1385
         659        1385
         660        1385
         661        1385
         662        1385
         663        1385
         664        1385
         665        1385
         666        1385
         667        1385
         668        1385
         669        1385
         649        1386
         650        1386
         651        1386
         652        1386
         653        1386
         654        1386
         655        1386
         656        1386
         657        1386
         658        1386
         659        1386
         660        1386
         661        1386
         662        1386
         663        1386
         664        1386
         665        1386
         666        1386
         667        1386
         668        1386
         669        1386
         649        1387
         650        1387
         651        1387
         652        1387
         653        1387
         654        1387
         655        1387
         656        1387
         657        1387
         658        1387
         659        1387
         660        1387
         661        1387
         662        1387
         663        1387
         664        1387
         665        1387
         666        1387
         667        1387
         668        1387
         669        1387
         650        1388
         651        1388
         652        1388
         653        1388
         654        1388
         655        1388
         656        1388
         657        1388
         658        1388
         659        1388
         660        1388
         661        1388
         662        1388
         663        1388
         664        1388
         665        1388
         666        1388
         667        1388
         668        1388
         669        1388
         670        1388
         650        1389
         651        1389
         652        1389
         653        1389
         654        1389
         655        1389
         656        1389
         657        1389
         658        1389
         659        1389
         660        1389
         661        1389
         662        1389
         663        1389
         664        1389
         665        1389
         666        1389
         667        1389
         668        1389
         669        1389
         651        1390
         652        1390
         653        1390
         654        1390
         655        1390
         656        1390
         657        1390
         658        1390
         659        1390
         660        1390
         661        1390
         662        1390
         663        1390
         664        1390
         665        1390
         666        1390
         651        1391
         652        1391
         653        1391
         654        1391
         655        1391
         656        1391
         657        1391
         658        1391
         659        1391
         660        1391
         661        1391
         662        1391
         663        1391
         664        1391
         651        1392
         652        1392
         653        1392
         654        1392
         655        1392
         656        1392
         657        1392
         658        1392
         659        1392
         660        1392
         661        1392
         652        1393
         653        1393
         654        1393
         655        1393
         656        1393
         657        1393
         658        1393
         652        1394
         653        1394
         654        1394
         655        1394
         656        1394
         653        1395
         654        1352
         652        1353
         653        1353
         654        1353
         655        1353
         649        1354
         650        1354
         651        1354
         652        1354
         653        1354
         654        1354
         655        1354
         647        1355
         648        1355
         649        1355
         650        1355
         651        1355
         652        1355
         653        1355
         654        1355
         655        1355
         656        1355
         645        1356
         646        1356
         647        1356
         648        1356
         649        1356
         650        1356
         651        1356
         652        1356
         653        1356
         654        1356
         655        1356
         656        1356
         643        1357
         644        1357
         645        1357
         646        1357
         647        1357
         648        1357
         649        1357
         650        1357
         651        1357
         652        1357
         653        1357
         654        1357
         655        1357
         656        1357
         640        1358
         641        1358
         642        1358
         643        1358
         644        1358
         645        1358
         646        1358
         647        1358
         648        1358
         649        1358
         650        1358
         651        1358
         652        1358
         653        1358
         654        1358
         655        1358
         656        1358
         657        1358
         638        1359
         639        1359
         640        1359
         641        1359
         642        1359
         643        1359
         644        1359
         645        1359
         646        1359
         647        1359
         648        1359
         649        1359
         650        1359
         651        1359
         652        1359
         653        1359
         654        1359
         655        1359
         656        1359
         657        1359
         637        1360
         638        1360
         639        1360
         640        1360
         641        1360
         642        1360
         643        1360
         644        1360
         645        1360
         646        1360
         647        1360
         648        1360
         649        1360
         650        1360
         651        1360
         652        1360
         653        1360
         654        1360
         655        1360
         656        1360
         657        1360
         658        1360
         638        1361
         639        1361
         640        1361
         641        1361
         642        1361
         643        1361
         644        1361
         645        1361
         646        1361
         647        1361
         648        1361
         649        1361
         650        1361
         651        1361
         652        1361
         653        1361
         654        1361
         655        1361
         656        1361
         657        1361
         658        1361
         638        1362
         639        1362
         640        1362
         641        1362
         642        1362
         643        1362
         644        1362
         645        1362
         646        1362
         647        1362
         648        1362
         649        1362
         650        1362
         651        1362
         652        1362
         653        1362
         654        1362
         655        1362
         656        1362
         657        1362
         658        1362
         659        1362
         639        1363
         640        1363
         641        1363
         642        1363
         643        1363
         644        1363
         645        1363
         646        1363
         647        1363
         648        1363
         649        1363
         650        1363
         651        1363
         652        1363
         653        1363
         654        1363
         655        1363
         656        1363
         657        1363
         658        1363
         659        1363
         639        1364
         640        1364
         641        1364
         642        1364
         643        1364
         644        1364
         645        1364
         646        1364
         647        1364
         648        1364
         649        1364
         650        1364
         651        1364
         652        1364
         653        1364
         654        1364
         655        1364
         656        1364
         657        1364
         658        1364
         659        1364
         660        1364
         639        1365
         640        1365
         641        1365
         642        1365
         643        1365
         644        1365
         645        1365
         646        1365
         647        1365
         648        1365
         649        1365
         650        1365
         651        1365
         652        1365
         653        1365
         654        1365
         655        1365
         656        1365
         657        1365
         658        1365
         659        1365
         660        1365
         640        1366
         641        1366
         642        1366
         643        1366
         644        1366
         645        1366
         646        1366
         647        1366
         648        1366
         649        1366
         650        1366
         651        1366
         652        1366
         653        1366
         654        1366
         655        1366
         656        1366
         657        1366
         658        1366
         659        1366
         660        1366
         640        1367
         641        1367
         642        1367
         643        1367
         644        1367
         645        1367
         646        1367
         647        1367
         648        1367
         649        1367
         650        1367
         651        1367
         652        1367
         653        1367
         654        1367
         655        1367
         656        1367
         657        1367
         658        1367
         659        1367
         660        1367
         661        1367
         641        1368
         642        1368
         643        1368
         644        1368
         645        1368
         646        1368
         647        1368
         648        1368
         649        1368
         650        1368
         651        1368
         652        1368
         653        1368
         654        1368
         655        1368
         656        1368
         657        1368
         658        1368
         659        1368
         660        1368
         661        1368
         641        1369
         642        1369
         643        1369
         644        1369
         645        1369
         646        1369
         647        1369
         648        1369
         649        1369
         650        1369
         651        1369
         652        1369
         653        1369
         654        1369
         655        1369
         656        1369
         657        1369
         658        1369
         659        1369
         660        1369
         661        1369
         662        1369
         642        1370
         643        1370
         644        1370
         645        1370
         646        1370
         647        1370
         648        1370
         649        1370
         650        1370
         651        1370
         652        1370
         653        1370
         654        1370
         655        1370
         656        1370
         657        1370
         658        1370
         659        1370
         660        1370
         661        1370
         642        1371
         643        1371
         644        1371
         645        1371
         646        1371
         647        1371
         648        1371
         649        1371
         650        1371
         651        1371
         652        1371
         653        1371
         654        1371
         655        1371
         656        1371
         657        1371
         658        1371
         659        1371
         643        1372
         644        1372
         645        1372
         646        1372
         647        1372
         648        1372
         649        1372
         650        1372
         651        1372
         652        1372
         653        1372
         654        1372
         655        1372
         656        1372
         643        1373
         644        1373
         645        1373
         646        1373
         647        1373
         648        1373
         649        1373
         650        1373
         651        1373
         652        1373
         653        1373
         654        1373
         643        1374
         644        1374
         645        1374
         646        1374
         647        1374
         648        1374
         649        1374
         650        1374
         651        1374
         652        1374
         644        1375
         645        1375
         646        1375
         647        1375
         648        1375
         649        1375
         650        1375
         644        1376
         645        1376
         646        1376
         647        1376
         645        1377
         681        1362
         678        1363
         679        1363
         680        1363
         681        1363
         682        1363
         676        1364
         677        1364
         678        1364
         679        1364
         680        1364
         681        1364
         682        1364
         674        1365
         675        1365
         676        1365
         677        1365
         678        1365
         679        1365
         680        1365
         681        1365
         682        1365
         671        1366
         672        1366
         673        1366
         674        1366
         675        1366
         676        1366
         677        1366
         678        1366
         679        1366
         680        1366
         681        1366
         682        1366
         683        1366
         669        1367
         670        1367
         671        1367
         672        1367
         673        1367
         674        1367
         675        1367
         676        1367
         677        1367
         678        1367
         679        1367
         680        1367
         681        1367
         682        1367
         683        1367
         667        1368
         668        1368
         669        1368
         670        1368
         671        1368
         672        1368
         673        1368
         674        1368
         675        1368
         676        1368
         677        1368
         678        1368
         679        1368
         680        1368
         681        1368
         682        1368
         683        1368
         664        1369
         665        1369
         666        1369
         667        1369
         668        1369
         669        1369
         670        1369
         671        1369
         672        1369
         673        1369
         674        1369
         675        1369
         676        1369
         677        1369
         678        1369
         679        1369
         680        1369
         681        1369
         682        1369
         683        1369
         684        1369
         663        1370
         664        1370
         665        1370
         666        1370
         667        1370
         668        1370
         669        1370
         670        1370
         671        1370
         672        1370
         673        1370
         674        1370
         675        1370
         676        1370
         677        1370
         678        1370
         679        1370
         680        1370
         681        1370
         682        1370
         683        1370
         684        1370
         664        1371
         665        1371
         666        1371
         667        1371
         668        1371
         669        1371
         670        1371
         671        1371
         672        1371
         673        1371
         674        1371
         675        1371
         676        1371
         677        1371
         678        1371
         679        1371
         680        1371
         681        1371
         682        1371
         683        1371
         684        1371
         664        1372
         665        1372
         666        1372
         667        1372
         668        1372
         669        1372
         670        1372
         671        1372
         672        1372
         673        1372
         674        1372
         675        1372
         676        1372
         677        1372
         678        1372
         679        1372
         680        1372
         681        1372
         682        1372
         683        1372
         684        1372
         685        1372
         664        1373
         665        1373
         666        1373
         667        1373
         668        1373
         669        1373
         670        1373
         671        1373
         672        1373
         673        1373
         674        1373
         675        1373
         676        1373
         677        1373
         678        1373
         679        1373
         680        1373
         681        1373
         682        1373
         683        1373
         684        1373
         685        1373
         665        1374
         666        1374
         667        1374
         668        1374
         669        1374
         670        1374
         671        1374
         672        1374
         673        1374
         674        1374
         675        1374
         676        1374
         677        1374
         678        1374
         679        1374
         680        1374
         681        1374
         682        1374
         683        1374
         684        1374
         685        1374
         686        1374
         665        1375
         666        1375
         667        1375
         668        1375
         669        1375
         670        1375
         671        1375
         672        1375
         673        1375
         674        1375
         675        1375
         676        1375
         677        1375
         678        1375
         679        1375
         680        1375
         681        1375
         682        1375
         683        1375
         684        1375
         685        1375
         686        1375
         666        1376
         667        1376
         668        1376
         669        1376
         670        1376
         671        1376
         672        1376
         673        1376
         674        1376
         675        1376
         676        1376
         677        1376
         678        1376
         679        1376
         680        1376
         681        1376
         682        1376
         683        1376
         684        1376
         685        1376
         686        1376
         666        1377
         667        1377
         668        1377
         669        1377
         670        1377
         671        1377
         672        1377
         673        1377
         674        1377
         675        1377
         676        1377
         677        1377
         678        1377
         679        1377
         680        1377
         681        1377
         682        1377
         683        1377
         684        1377
         685        1377
         686        1377
         687        1377
         667        1378
         668        1378
         669        1378
         670        1378
         671        1378
         672        1378
         673        1378
         674        1378
         675        1378
         676        1378
         677        1378
         678        1378
         679        1378
         680        1378
         681        1378
         682        1378
         683        1378
         684        1378
         685        1378
         686        1378
         687        1378
         667        1379
         668        1379
         669        1379
         670        1379
         671        1379
         672        1379
         673        1379
         674        1379
         675        1379
         676        1379
         677        1379
         678        1379
         679        1379
         680        1379
         681        1379
         682        1379
         683        1379
         684        1379
         685        1379
         686        1379
         687        1379
         667        1380
         668        1380
         669        1380
         670        1380
         671        1380
         672        1380
         673        1380
         674        1380
         675        1380
         676        1380
         677        1380
         678        1380
         679        1380
         680        1380
         681        1380
         682        1380
         683        1380
         684        1380
         685        1380
         686        1380
         687        1380
         688        1380
         668        1381
         669        1381
         670        1381
         671        1381
         672        1381
         673        1381
         674        1381
         675        1381
         676        1381
         677        1381
         678        1381
         679        1381
         680        1381
         681        1381
         682        1381
         683        1381
         684        1381
         685        1381
         686        1381
         687        1381
         668        1382
         669        1382
         670        1382
         671        1382
         672        1382
         673        1382
         674        1382
         675        1382
         676        1382
         677        1382
         678        1382
         679        1382
         680        1382
         681        1382
         682        1382
         683        1382
         684        1382
         685        1382
         669        1383
         670        1383
         671        1383
         672        1383
         673        1383
         674        1383
         675        1383
         676        1383
         677        1383
         678        1383
         679        1383
         680        1383
         681        1383
         682        1383
         669        1384
         670        1384
         671        1384
         672        1384
         673        1384
         674        1384
         675        1384
         676        1384
         677        1384
         678        1384
         679        1384
         680        1384
         670        1385
         671        1385
         672        1385
         673        1385
         674        1385
         675        1385
         676        1385
         677        1385
         678        1385
         670        1386
         671        1386
         672        1386
         673        1386
         674        1386
         675        1386
         676        1386
         670        1387
         671        1387
         672        1387
         673        1387
         671        1388
         673        1344
         670        1345
         671        1345
         672        1345
         673        1345
         674        1345
         668        1346
         669        1346
         670        1346
         671        1346
         672        1346
         673        1346
         674        1346
         666        1347
         667        1347
         668        1347
         669        1347
         670        1347
         671        1347
         672        1347
         673        1347
         674        1347
         675        1347
         663        1348
         664        1348
         665        1348
         666        1348
         667        1348
         668        1348
         669        1348
         670        1348
         671        1348
         672        1348
         673        1348
         674        1348
         675        1348
         661        1349
         662        1349
         663        1349
         664        1349
         665        1349
         666        1349
         667        1349
         668        1349
         669        1349
         670        1349
         671        1349
         672        1349
         673        1349
         674        1349
         675        1349
         659        1350
         660        1350
         661        1350
         662        1350
         663        1350
         664        1350
         665        1350
         666        1350
         667        1350
         668        1350
         669        1350
         670        1350
         671        1350
         672        1350
         673        1350
         674        1350
         675        1350
         676        1350
         656        1351
         657        1351
         658        1351
         659        1351
         660        1351
         661        1351
         662        1351
         663        1351
         664        1351
         665        1351
         666        1351
         667        1351
         668        1351
         669        1351
         670        1351
         671        1351
         672        1351
         673        1351
         674        1351
         675        1351
         676        1351
         655        1352
         656        1352
         657        1352
         658        1352
         659        1352
         660        1352
         661        1352
         662        1352
         663        1352
         664        1352
         665        1352
         666        1352
         667        1352
         668        1352
         669        1352
         670        1352
         671        1352
         672        1352
         673        1352
         674        1352
         675        1352
         676        1352
         677        1352
         656        1353
         657        1353
         658        1353
         659        1353
         660        1353
         661        1353
         662        1353
         663        1353
         664        1353
         665        1353
         666        1353
         667        1353
         668        1353
         669        1353
         670        1353
         671        1353
         672        1353
         673        1353
         674        1353
         675        1353
         676        1353
         677        1353
         656        1354
         657        1354
         658        1354
         659        1354
         660        1354
         661        1354
         662        1354
         663        1354
         664        1354
         665        1354
         666        1354
         667        1354
         668        1354
         669        1354
         670        1354
         671        1354
         672        1354
         673        1354
         674        1354
         675        1354
         676        1354
         677        1354
         678        1354
         657        1355
         658        1355
         659        1355
         660        1355
         661        1355
         662        1355
         663        1355
         664        1355
         665        1355
         666        1355
         667        1355
         668        1355
         669        1355
         670        1355
         671        1355
         672        1355
         673        1355
         674        1355
         675        1355
         676        1355
         677        1355
         678        1355
         657        1356
         658        1356
         659        1356
         660        1356
         661        1356
         662        1356
         663        1356
         664        1356
         665        1356
         666        1356
         667        1356
         668        1356
         669        1356
         670        1356
         671        1356
         672        1356
         673        1356
         674        1356
         675        1356
         676        1356
         677        1356
         678        1356
         679        1356
         657        1357
         658        1357
         659        1357
         660        1357
         661        1357
         662        1357
         663        1357
         664        1357
         665        1357
         666        1357
         667        1357
         668        1357
         669        1357
         670        1357
         671        1357
         672        1357
         673        1357
         674        1357
         675        1357
         676        1357
         677        1357
         678        1357
         679        1357
         658        1358
         659        1358
         660        1358
         661        1358
         662        1358
         663        1358
         664        1358
         665        1358
         666        1358
         667        1358
         668        1358
         669        1358
         670        1358
         671        1358
         672        1358
         673        1358
         674        1358
         675        1358
         676        1358
         677        1358
         678        1358
         679        1358
         658        1359
         659        1359
         660        1359
         661        1359
         662        1359
         663        1359
         664        1359
         665        1359
         666        1359
         667        1359
         668        1359
         669        1359
         670        1359
         671        1359
         672        1359
         673        1359
         674        1359
         675        1359
         676        1359
         677        1359
         678        1359
         679        1359
         680        1359
         659        1360
         660        1360
         661        1360
         662        1360
         663        1360
         664        1360
         665        1360
         666        1360
         667        1360
         668        1360
         669        1360
         670        1360
         671        1360
         672        1360
         673        1360
         674        1360
         675        1360
         676        1360
         677        1360
         678        1360
         679        1360
         680        1360
         659        1361
         660        1361
         661        1361
         662        1361
         663        1361
         664        1361
         665        1361
         666        1361
         667        1361
         668        1361
         669        1361
         670        1361
         671        1361
         672        1361
         673        1361
         674        1361
         675        1361
         676        1361
         677        1361
         678        1361
         679        1361
         680        1361
         681        1361
         660        1362
         661        1362
         662        1362
         663        1362
         664        1362
         665        1362
         666        1362
         667        1362
         668        1362
         669        1362
         670        1362
         671        1362
         672        1362
         673        1362
         674        1362
         675        1362
         676        1362
         677        1362
         678        1362
         679        1362
         680        1362
         660        1363
         661        1363
         662        1363
         663        1363
         664        1363
         665        1363
         666        1363
         667        1363
         668        1363
         669        1363
         670        1363
         671        1363
         672        1363
         673        1363
         674        1363
         675        1363
         676        1363
         677        1363
         661        1364
         662        1364
         663        1364
         664        1364
         665        1364
         666        1364
         667        1364
         668        1364
         669        1364
         670        1364
         671        1364
         672        1364
         673        1364
         674        1364
         675        1364
         661        1365
         662        1365
         663        1365
         664        1365
         665        1365
         666        1365
         667        1365
         668        1365
         669        1365
         670        1365
         671        1365
         672        1365
         673        1365
         661        1366
         662        1366
         663        1366
         664        1366
         665        1366
         666        1366
         667        1366
         668        1366
         669        1366
         670        1366
         662        1367
         663        1367
         664        1367
         665        1367
         666        1367
         667        1367
         668        1367
         662        1368
         663        1368
         664        1368
         665        1368
         666        1368
         663        1369
