         970        1589
         968        1590
         969        1590
         970        1590
         971        1590
         965        1591
         966        1591
         967        1591
         968        1591
         969        1591
         970        1591
         971        1591
         963        1592
         964        1592
         965        1592
         966        1592
         967        1592
         968        1592
         969        1592
         970        1592
         971        1592
         961        1593
         962        1593
         963        1593
         964        1593
         965        1593
         966        1593
         967        1593
         968        1593
         969        1593
         970        1593
         971        1593
         972        1593
         959        1594
         960        1594
         961        1594
         962        1594
         963        1594
         964        1594
         965        1594
         966        1594
         967        1594
         968        1594
         969        1594
         970        1594
         971        1594
         972        1594
         956        1595
         957        1595
         958        1595
         959        1595
         960        1595
         961        1595
         962        1595
         963        1595
         964        1595
         965        1595
         966        1595
         967        1595
         968        1595
         969        1595
         970        1595
         971        1595
         972        1595
         973        1595
         954        1596
         955        1596
         956        1596
         957        1596
         958        1596
         959        1596
         960        1596
         961        1596
         962        1596
         963        1596
         964        1596
         965        1596
         966        1596
         967        1596
         968        1596
         969        1596
         970        1596
         971        1596
         972        1596
         973        1596
         953        1597
         954        1597
         955        1597
         956        1597
         957        1597
         958        1597
         959        1597
         960        1597
         961        1597
         962        1597
         963        1597
         964        1597
         965        1597
         966        1597
         967        1597
         968        1597
         969        1597
         970        1597
         971        1597
         972        1597
         973        1597
         974        1597
         954        1598
         955        1598
         956        1598
         957        1598
         958        1598
         959        1598
         960        1598
         961        1598
         962        1598
         963        1598
         964        1598
         965        1598
         966        1598
         967        1598
         968        1598
         969        1598
         970        1598
         971        1598
         972        1598
         973        1598
         974        1598
         954        1599
         955        1599
         956        1599
         957        1599
         958        1599
         959        1599
         960        1599
         961        1599
         962        1599
         963        1599
         964        1599
         965        1599
         966        1599
         967        1599
         968        1599
         969        1599
         970        1599
         971        1599
         972        1599
         973        1599
         974        1599
         954        1600
         955        1600
         956        1600
         957        1600
         958        1600
         959        1600
         960        1600
         961        1600
         962        1600
         963        1600
         964        1600
         965        1600
         966        1600
         967        1600
         968        1600
         969        1600
         970        1600
         971        1600
         972        1600
         973        1600
         974        1600
         975        1600
         955        1601
         956        1601
         957        1601
         958        1601
         959        1601
         960        1601
         961        1601
         962        1601
         963        1601
         964        1601
         965        1601
         966        1601
         967        1601
         968        1601
         969        1601
         970        1601
         971        1601
         972        1601
         973        1601
         974        1601
         975        1601
         955        1602
         956        1602
         957        1602
         958        1602
         959        1602
         960        1602
         961        1602
         962        1602
         963        1602
         964        1602
         965        1602
         966        1602
         967        1602
         968        1602
         969        1602
         970        1602
         971        1602
         972        1602
         973        1602
         974        1602
         975        1602
         976        1602
         956        1603
         957        1603
         958        1603
         959        1603
         960        1603
         961        1603
         962        1603
         963        1603
         964        1603
         965        1603
         966        1603
         967        1603
         968        1603
         969        1603
         970        1603
         971        1603
         972        1603
         973        1603
         974        1603
         975        1603
         976        1603
         956        1604
         957        1604
         958        1604
         959        1604
         960        1604
         961        1604
         962        1604
         963        1604
         964        1604
         965        1604
         966        1604
         967        1604
         968        1604
         969        1604
         970        1604
         971        1604
         972        1604
         973        1604
         974        1604
         975        1604
         976        1604
         977        1604
         956        1605
         957        1605
         958        1605
         959        1605
         960        1605
         961        1605
         962        1605
         963        1605
         964        1605
         965        1605
         966        1605
         967        1605
         968        1605
         969        1605
         970        1605
         971        1605
         972        1605
         973        1605
         974        1605
         975        1605
         976        1605
         977        1605
         957        1606
         958        1606
         959        1606
         960        1606
         961        1606
         962        1606
         963        1606
         964        1606
         965        1606
         966        1606
         967        1606
         968        1606
         969        1606
         970        1606
         971        1606
         972        1606
         973        1606
         974        1606
         975        1606
         976        1606
         977        1606
         957        1607
         958        1607
         959        1607
         960        1607
         961        1607
         962        1607
         963        1607
         964        1607
         965        1607
         966        1607
         967        1607
         968        1607
         969        1607
         970        1607
         971        1607
         972        1607
         973        1607
         974        1607
         975        1607
         976        1607
         977        1607
         978        1607
         957        1608
         958        1608
         959        1608
         960        1608
         961        1608
         962        1608
         963        1608
         964        1608
         965        1608
         966        1608
         967        1608
         968        1608
         969        1608
         970        1608
         971        1608
         972        1608
         973        1608
         974        1608
         975        1608
         976        1608
         977        1608
         958        1609
         959        1609
         960        1609
         961        1609
         962        1609
         963        1609
         964        1609
         965        1609
         966        1609
         967        1609
         968        1609
         969        1609
         970        1609
         971        1609
         972        1609
         973        1609
         974        1609
         958        1610
         959        1610
         960        1610
         961        1610
         962        1610
         963        1610
         964        1610
         965        1610
         966        1610
         967        1610
         968        1610
         969        1610
         970        1610
         971        1610
         959        1611
         960        1611
         961        1611
         962        1611
         963        1611
         964        1611
         965        1611
         966        1611
         967        1611
         968        1611
         969        1611
         959        1612
         960        1612
         961        1612
         962        1612
         963        1612
         964        1612
         965        1612
         966        1612
         959        1613
         960        1613
         961        1613
         962        1613
         963        1613
         960        1614
         962        1571
         959        1572
         960        1572
         961        1572
         962        1572
         963        1572
         957        1573
         958        1573
         959        1573
         960        1573
         961        1573
         962        1573
         963        1573
         954        1574
         955        1574
         956        1574
         957        1574
         958        1574
         959        1574
         960        1574
         961        1574
         962        1574
         963        1574
         964        1574
         951        1575
         952        1575
         953        1575
         954        1575
         955        1575
         956        1575
         957        1575
         958        1575
         959        1575
         960        1575
         961        1575
         962        1575
         963        1575
         964        1575
         949        1576
         950        1576
         951        1576
         952        1576
         953        1576
         954        1576
         955        1576
         956        1576
         957        1576
         958        1576
         959        1576
         960        1576
         961        1576
         962        1576
         963        1576
         964        1576
         946        1577
         947        1577
         948        1577
         949        1577
         950        1577
         951        1577
         952        1577
         953        1577
         954        1577
         955        1577
         956        1577
         957        1577
         958        1577
         959        1577
         960        1577
         961        1577
         962        1577
         963        1577
         964        1577
         965        1577
         945        1578
         946        1578
         947        1578
         948        1578
         949        1578
         950        1578
         951        1578
         952        1578
         953        1578
         954        1578
         955        1578
         956        1578
         957        1578
         958        1578
         959        1578
         960        1578
         961        1578
         962        1578
         963        1578
         964        1578
         965        1578
         946        1579
         947        1579
         948        1579
         949        1579
         950        1579
         951        1579
         952        1579
         953        1579
         954        1579
         955        1579
         956        1579
         957        1579
         958        1579
         959        1579
         960        1579
         961        1579
         962        1579
         963        1579
         964        1579
         965        1579
         966        1579
         946        1580
         947        1580
         948        1580
         949        1580
         950        1580
         951        1580
         952        1580
         953        1580
         954        1580
         955        1580
         956        1580
         957        1580
         958        1580
         959        1580
         960        1580
         961        1580
         962        1580
         963        1580
         964        1580
         965        1580
         966        1580
         946        1581
         947        1581
         948        1581
         949        1581
         950        1581
         951        1581
         952        1581
         953        1581
         954        1581
         955        1581
         956        1581
         957        1581
         958        1581
         959        1581
         960        1581
         961        1581
         962        1581
         963        1581
         964        1581
         965        1581
         966        1581
         967        1581
         947        1582
         948        1582
         949        1582
         950        1582
         951        1582
         952        1582
         953        1582
         954        1582
         955        1582
         956        1582
         957        1582
         958        1582
         959        1582
         960        1582
         961        1582
         962        1582
         963        1582
         964        1582
         965        1582
         966        1582
         967        1582
         947        1583
         948        1583
         949        1583
         950        1583
         951        1583
         952        1583
         953        1583
         954        1583
         955        1583
         956        1583
         957        1583
         958        1583
         959        1583
         960        1583
         961        1583
         962        1583
         963        1583
         964        1583
         965        1583
         966        1583
         967        1583
         968        1583
         948        1584
         949        1584
         950        1584
         951        1584
         952        1584
         953        1584
         954        1584
         955        1584
         956        1584
         957        1584
         958        1584
         959        1584
         960        1584
         961        1584
         962        1584
         963        1584
         964        1584
         965        1584
         966        1584
         967        1584
         968        1584
         948        1585
         949        1585
         950        1585
         951        1585
         952        1585
         953        1585
         954        1585
         955        1585
         956        1585
         957        1585
         958        1585
         959        1585
         960        1585
         961        1585
         962        1585
         963        1585
         964        1585
         965        1585
         966        1585
         967        1585
         968        1585
         949        1586
         950        1586
         951        1586
         952        1586
         953        1586
         954        1586
         955        1586
         956        1586
         957        1586
         958        1586
         959        1586
         960        1586
         961        1586
         962        1586
         963        1586
         964        1586
         965        1586
         966        1586
         967        1586
         968        1586
         969        1586
         949        1587
         950        1587
         951        1587
         952        1587
         953        1587
         954        1587
         955        1587
         956        1587
         957        1587
         958        1587
         959        1587
         960        1587
         961        1587
         962        1587
         963        1587
         964        1587
         965        1587
         966        1587
         967        1587
         968        1587
         969        1587
         949        1588
         950        1588
         951        1588
         952        1588
         953        1588
         954        1588
         955        1588
         956        1588
         957        1588
         958        1588
         959        1588
         960        1588
         961        1588
         962        1588
         963        1588
         964        1588
         965        1588
         966        1588
         967        1588
         968        1588
         969        1588
         970        1588
         950        1589
         951        1589
         952        1589
         953        1589
         954        1589
         955        1589
         956        1589
         957        1589
         958        1589
         959        1589
         960        1589
         961        1589
         962        1589
         963        1589
         964        1589
         965        1589
         966        1589
         967        1589
         968        1589
         969        1589
         950        1590
         951        1590
         952        1590
         953        1590
         954        1590
         955        1590
         956        1590
         957        1590
         958        1590
         959        1590
         960        1590
         961        1590
         962        1590
         963        1590
         964        1590
         965        1590
         966        1590
         967        1590
         951        1591
         952        1591
         953        1591
         954        1591
         955        1591
         956        1591
         957        1591
         958        1591
         959        1591
         960        1591
         961        1591
         962        1591
         963        1591
         964        1591
         951        1592
         952        1592
         953        1592
         954        1592
         955        1592
         956        1592
         957        1592
         958        1592
         959        1592
         960        1592
         961        1592
         962        1592
         952        1593
         953        1593
         954        1593
         955        1593
         956        1593
         957        1593
         958        1593
         959        1593
         960        1593
         952        1594
         953        1594
         954        1594
         955        1594
         956        1594
         957        1594
         958        1594
         952        1595
         953        1595
         954        1595
         955        1595
         953        1596
         989        1581
         986        1582
         987        1582
         988        1582
         989        1582
         990        1582
         984        1583
         985        1583
         986        1583
         987        1583
         988        1583
         989        1583
         990        1583
         982        1584
         983        1584
         984        1584
         985        1584
         986        1584
         987        1584
         988        1584
         989        1584
         990        1584
         979        1585
         980        1585
         981        1585
         982        1585
         983        1585
         984        1585
         985        1585
         986        1585
         987        1585
         988        1585
         989        1585
         990        1585
         991        1585
         977        1586
         978        1586
         979        1586
         980        1586
         981        1586
         982        1586
         983        1586
         984        1586
         985        1586
         986        1586
         987        1586
         988        1586
         989        1586
         990        1586
         991        1586
         975        1587
         976        1587
         977        1587
         978        1587
         979        1587
         980        1587
         981        1587
         982        1587
         983        1587
         984        1587
         985        1587
         986        1587
         987        1587
         988        1587
         989        1587
         990        1587
         991        1587
         972        1588
         973        1588
         974        1588
         975        1588
         976        1588
         977        1588
         978        1588
         979        1588
         980        1588
         981        1588
         982        1588
         983        1588
         984        1588
         985        1588
         986        1588
         987        1588
         988        1588
         989        1588
         990        1588
         991        1588
         992        1588
         971        1589
         972        1589
         973        1589
         974        1589
         975        1589
         976        1589
         977        1589
         978        1589
         979        1589
         980        1589
         981        1589
         982        1589
         983        1589
         984        1589
         985        1589
         986        1589
         987        1589
         988        1589
         989        1589
         990        1589
         991        1589
         992        1589
         972        1590
         973        1590
         974        1590
         975        1590
         976        1590
         977        1590
         978        1590
         979        1590
         980        1590
         981        1590
         982        1590
         983        1590
         984        1590
         985        1590
         986        1590
         987        1590
         988        1590
         989        1590
         990        1590
         991        1590
         992        1590
         972        1591
         973        1591
         974        1591
         975        1591
         976        1591
         977        1591
         978        1591
         979        1591
         980        1591
         981        1591
         982        1591
         983        1591
         984        1591
         985        1591
         986        1591
         987        1591
         988        1591
         989        1591
         990        1591
         991        1591
         992        1591
         993        1591
         972        1592
         973        1592
         974        1592
         975        1592
         976        1592
         977        1592
         978        1592
         979        1592
         980        1592
         981        1592
         982        1592
         983        1592
         984        1592
         985        1592
         986        1592
         987        1592
         988        1592
         989        1592
         990        1592
         991        1592
         992        1592
         993        1592
         973        1593
         974        1593
         975        1593
         976        1593
         977        1593
         978        1593
         979        1593
         980        1593
         981        1593
         982        1593
         983        1593
         984        1593
         985        1593
         986        1593
         987        1593
         988        1593
         989        1593
         990        1593
         991        1593
         992        1593
         993        1593
         994        1593
         973        1594
         974        1594
         975        1594
         976        1594
         977        1594
         978        1594
         979        1594
         980        1594
         981        1594
         982        1594
         983        1594
         984        1594
         985        1594
         986        1594
         987        1594
         988        1594
         989        1594
         990        1594
         991        1594
         992        1594
         993        1594
         994        1594
         974        1595
         975        1595
         976        1595
         977        1595
         978        1595
         979        1595
         980        1595
         981        1595
         982        1595
         983        1595
         984        1595
         985        1595
         986        1595
         987        1595
         988        1595
         989        1595
         990        1595
         991        1595
         992        1595
         993        1595
         994        1595
         974        1596
         975        1596
         976        1596
         977        1596
         978        1596
         979        1596
         980        1596
         981        1596
         982        1596
         983        1596
         984        1596
         985        1596
         986        1596
         987        1596
         988        1596
         989        1596
         990        1596
         991        1596
         992        1596
         993        1596
         994        1596
         995        1596
         975        1597
         976        1597
         977        1597
         978        1597
         979        1597
         980        1597
         981        1597
         982        1597
         983        1597
         984        1597
         985        1597
         986        1597
         987        1597
         988        1597
         989        1597
         990        1597
         991        1597
         992        1597
         993        1597
         994        1597
         995        1597
         975        1598
         976        1598
         977        1598
         978        1598
         979        1598
         980        1598
         981        1598
         982        1598
         983        1598
         984        1598
         985        1598
         986        1598
         987        1598
         988        1598
         989        1598
         990        1598
         991        1598
         992        1598
         993        1598
         994        1598
         995        1598
         975        1599
         976        1599
         977        1599
         978        1599
         979        1599
         980        1599
         981        1599
         982        1599
         983        1599
         984        1599
         985        1599
         986        1599
         987        1599
         988        1599
         989        1599
         990        1599
         991        1599
         992        1599
         993        1599
         994        1599
         995        1599
         996        1599
         976        1600
         977        1600
         978        1600
         979        1600
         980        1600
         981        1600
         982        1600
         983        1600
         984        1600
         985        1600
         986        1600
         987        1600
         988        1600
         989        1600
         990        1600
         991        1600
         992        1600
         993        1600
         994        1600
         995        1600
         976        1601
         977        1601
         978        1601
         979        1601
         980        1601
         981        1601
         982        1601
         983        1601
         984        1601
         985        1601
         986        1601
         987        1601
         988        1601
         989        1601
         990        1601
         991        1601
         992        1601
         993        1601
         977        1602
         978        1602
         979        1602
         980        1602
         981        1602
         982        1602
         983        1602
         984        1602
         985        1602
         986        1602
         987        1602
         988        1602
         989        1602
         990        1602
         977        1603
         978        1603
         979        1603
         980        1603
         981        1603
         982        1603
         983        1603
         984        1603
         985        1603
         986        1603
         987        1603
         988        1603
         978        1604
         979        1604
         980        1604
         981        1604
         982        1604
         983        1604
         984        1604
         985        1604
         986        1604
         978        1605
         979        1605
         980        1605
         981        1605
         982        1605
         983        1605
         984        1605
         978        1606
         979        1606
         980        1606
         981        1606
         979        1607
         981        1563
         978        1564
         979        1564
         980        1564
         981        1564
         982        1564
         976        1565
         977        1565
         978        1565
         979        1565
         980        1565
         981        1565
         982        1565
         974        1566
         975        1566
         976        1566
         977        1566
         978        1566
         979        1566
         980        1566
         981        1566
         982        1566
         983        1566
         971        1567
         972        1567
         973        1567
         974        1567
         975        1567
         976        1567
         977        1567
         978        1567
         979        1567
         980        1567
         981        1567
         982        1567
         983        1567
         969        1568
         970        1568
         971        1568
         972        1568
         973        1568
         974        1568
         975        1568
         976        1568
         977        1568
         978        1568
         979        1568
         980        1568
         981        1568
         982        1568
         983        1568
         967        1569
         968        1569
         969        1569
         970        1569
         971        1569
         972        1569
         973        1569
         974        1569
         975        1569
         976        1569
         977        1569
         978        1569
         979        1569
         980        1569
         981        1569
         982        1569
         983        1569
         984        1569
         964        1570
         965        1570
         966        1570
         967        1570
         968        1570
         969        1570
         970        1570
         971        1570
         972        1570
         973        1570
         974        1570
         975        1570
         976        1570
         977        1570
         978        1570
         979        1570
         980        1570
         981        1570
         982        1570
         983        1570
         984        1570
         963        1571
         964        1571
         965        1571
         966        1571
         967        1571
         968        1571
         969        1571
         970        1571
         971        1571
         972        1571
         973        1571
         974        1571
         975        1571
         976        1571
         977        1571
         978        1571
         979        1571
         980        1571
         981        1571
         982        1571
         983        1571
         984        1571
         985        1571
         964        1572
         965        1572
         966        1572
         967        1572
         968        1572
         969        1572
         970        1572
         971        1572
         972        1572
         973        1572
         974        1572
         975        1572
         976        1572
         977        1572
         978        1572
         979        1572
         980        1572
         981        1572
         982        1572
         983        1572
         984        1572
         985        1572
         964        1573
         965        1573
         966        1573
         967        1573
         968        1573
         969        1573
         970        1573
         971        1573
         972        1573
         973        1573
         974        1573
         975        1573
         976        1573
         977        1573
         978        1573
         979        1573
         980        1573
         981        1573
         982        1573
         983        1573
         984        1573
         985        1573
         986        1573
         965        1574
         966        1574
         967        1574
         968        1574
         969        1574
         970        1574
         971        1574
         972        1574
         973        1574
         974        1574
         975        1574
         976        1574
         977        1574
         978        1574
         979        1574
         980        1574
         981        1574
         982        1574
         983        1574
         984        1574
         985        1574
         986        1574
         965        1575
         966        1575
         967        1575
         968        1575
         969        1575
         970        1575
         971        1575
         972        1575
         973        1575
         974        1575
         975        1575
         976        1575
         977        1575
         978        1575
         979        1575
         980        1575
         981        1575
         982        1575
         983        1575
         984        1575
         985        1575
         986        1575
         987        1575
         965        1576
         966        1576
         967        1576
         968        1576
         969        1576
         970        1576
         971        1576
         972        1576
         973        1576
         974        1576
         975        1576
         976        1576
         977        1576
         978        1576
         979        1576
         980        1576
         981        1576
         982        1576
         983        1576
         984        1576
         985        1576
         986        1576
         987        1576
         966        1577
         967        1577
         968        1577
         969        1577
         970        1577
         971        1577
         972        1577
         973        1577
         974        1577
         975        1577
         976        1577
         977        1577
         978        1577
         979        1577
         980        1577
         981        1577
         982        1577
         983        1577
         984        1577
         985        1577
         986        1577
         987        1577
         966        1578
         967        1578
         968        1578
         969        1578
         970        1578
         971        1578
         972        1578
         973        1578
         974        1578
         975        1578
         976        1578
         977        1578
         978        1578
         979        1578
         980        1578
         981        1578
         982        1578
         983        1578
         984        1578
         985        1578
         986        1578
         987        1578
         988        1578
         967        1579
         968        1579
         969        1579
         970        1579
         971        1579
         972        1579
         973        1579
         974        1579
         975        1579
         976        1579
         977        1579
         978        1579
         979        1579
         980        1579
         981        1579
         982        1579
         983        1579
         984        1579
         985        1579
         986        1579
         987        1579
         988        1579
         967        1580
         968        1580
         969        1580
         970        1580
         971        1580
         972        1580
         973        1580
         974        1580
         975        1580
         976        1580
         977        1580
         978        1580
         979        1580
         980        1580
         981        1580
         982        1580
         983        1580
         984        1580
         985        1580
         986        1580
         987        1580
         988        1580
         989        1580
         968        1581
         969        1581
         970        1581
         971        1581
         972        1581
         973        1581
         974        1581
         975        1581
         976        1581
         977        1581
         978        1581
         979        1581
         980        1581
         981        1581
         982        1581
         983        1581
         984        1581
         985        1581
         986        1581
         987        1581
         988        1581
         968        1582
         969        1582
         970        1582
         971        1582
         972        1582
         973        1582
         974        1582
         975        1582
         976        1582
         977        1582
         978        1582
         979        1582
         980        1582
         981        1582
         982        1582
         983        1582
         984        1582
         985        1582
         969        1583
         970        1583
         971        1583
         972        1583
         973        1583
         974        1583
         975        1583
         976        1583
         977        1583
         978        1583
         979        1583
         980        1583
         981        1583
         982        1583
         983        1583
         969        1584
         970        1584
         971        1584
         972        1584
         973        1584
         974        1584
         975        1584
         976        1584
         977        1584
         978        1584
         979        1584
         980        1584
         981        1584
         969        1585
         970        1585
         971        1585
         972        1585
         973        1585
         974        1585
         975        1585
         976        1585
         977        1585
         978        1585
         970        1586
         971        1586
         972        1586
         973        1586
         974        1586
         975        1586
         976        1586
         970        1587
         971        1587
         972        1587
         973        1587
         974        1587
         971        1588
