         911        1675
         908        1676
         909        1676
         910        1676
         911        1676
         912        1676
         906        1677
         907        1677
         908        1677
         909        1677
         910        1677
         911        1677
         912        1677
         904        1678
         905        1678
         906        1678
         907        1678
         908        1678
         909        1678
         910        1678
         911        1678
         912        1678
         913        1678
         901        1679
         902        1679
         903        1679
         904        1679
         905        1679
         906        1679
         907        1679
         908        1679
         909        1679
         910        1679
         911        1679
         912        1679
         913        1679
         899        1680
         900        1680
         901        1680
         902        1680
         903        1680
         904        1680
         905        1680
         906        1680
         907        1680
         908        1680
         909        1680
         910        1680
         911        1680
         912        1680
         913        1680
         897        1681
         898        1681
         899        1681
         900        1681
         901        1681
         902        1681
         903        1681
         904        1681
         905        1681
         906        1681
         907        1681
         908        1681
         909        1681
         910        1681
         911        1681
         912        1681
         913        1681
         914        1681
         894        1682
         895        1682
         896        1682
         897        1682
         898        1682
         899        1682
         900        1682
         901        1682
         902        1682
         903        1682
         904        1682
         905        1682
         906        1682
         907        1682
         908        1682
         909        1682
         910        1682
         911        1682
         912        1682
         913        1682
         914        1682
         893        1683
         894        1683
         895        1683
         896        1683
         897        1683
         898        1683
         899        1683
         900        1683
         901        1683
         902        1683
         903        1683
         904        1683
         905        1683
         906        1683
         907        1683
         908        1683
         909        1683
         910        1683
         911        1683
         912        1683
         913        1683
         914        1683
         915        1683
         894        1684
         895        1684
         896        1684
         897        1684
         898        1684
         899        1684
         900        1684
         901        1684
         902        1684
         903        1684
         904        1684
         905        1684
         906        1684
         907        1684
         908        1684
         909        1684
         910        1684
         911        1684
         912        1684
         913        1684
         914        1684
         915        1684
         894        1685
         895        1685
         896        1685
         897        1685
         898        1685
         899        1685
         900        1685
         901        1685
         902        1685
         903        1685
         904        1685
         905        1685
         906        1685
         907        1685
         908        1685
         909        1685
         910        1685
         911        1685
         912        1685
         913        1685
         914        1685
         915        1685
         916        1685
         895        1686
         896        1686
         897        1686
         898        1686
         899        1686
         900        1686
         901        1686
         902        1686
         903        1686
         904        1686
         905        1686
         906        1686
         907        1686
         908        1686
         909        1686
         910        1686
         911        1686
         912        1686
         913        1686
         914        1686
         915        1686
         916        1686
         895        1687
         896        1687
         897        1687
         898        1687
         899        1687
         900        1687
         901        1687
         902        1687
         903        1687
         904        1687
         905        1687
         906        1687
         907        1687
         908        1687
         909        1687
         910        1687
         911        1687
         912        1687
         913        1687
         914        1687
         915        1687
         916        1687
         917        1687
         895        1688
         896        1688
         897        1688
         898        1688
         899        1688
         900        1688
         901        1688
         902        1688
         903        1688
         904        1688
         905        1688
         906        1688
         907        1688
         908        1688
         909        1688
         910        1688
         911        1688
         912        1688
         913        1688
         914        1688
         915        1688
         916        1688
         917        1688
         896        1689
         897        1689
         898        1689
         899        1689
         900        1689
         901        1689
         902        1689
         903        1689
         904        1689
         905        1689
         906        1689
         907        1689
         908        1689
         909        1689
         910        1689
         911        1689
         912        1689
         913        1689
         914        1689
         915        1689
         916        1689
         917        1689
         896        1690
         897        1690
         898        1690
         899        1690
         900        1690
         901        1690
         902        1690
         903        1690
         904        1690
         905        1690
         906        1690
         907        1690
         908        1690
         909        1690
         910        1690
         911        1690
         912        1690
         913        1690
         914        1690
         915        1690
         916        1690
         917        1690
         918        1690
         897        1691
         898        1691
         899        1691
         900        1691
         901        1691
         902        1691
         903        1691
         904        1691
         905        1691
         906        1691
         907        1691
         908        1691
         909        1691
         910        1691
         911        1691
         912        1691
         913        1691
         914        1691
         915        1691
         916        1691
         917        1691
         918        1691
         897        1692
         898        1692
         899        1692
         900        1692
         901        1692
         902        1692
         903        1692
         904        1692
         905        1692
         906        1692
         907        1692
         908        1692
         909        1692
         910        1692
         911        1692
         912        1692
         913        1692
         914        1692
         915        1692
         916        1692
         917        1692
         918        1692
         919        1692
         898        1693
         899        1693
         900        1693
         901        1693
         902        1693
         903        1693
         904        1693
         905        1693
         906        1693
         907        1693
         908        1693
         909        1693
         910        1693
         911        1693
         912        1693
         913        1693
         914        1693
         915        1693
         916        1693
         917        1693
         918        1693
         898        1694
         899        1694
         900        1694
         901        1694
         902        1694
         903        1694
         904        1694
         905        1694
         906        1694
         907        1694
         908        1694
         909        1694
         910        1694
         911        1694
         912        1694
         913        1694
         914        1694
         915        1694
         899        1695
         900        1695
         901        1695
         902        1695
         903        1695
         904        1695
         905        1695
         906        1695
         907        1695
         908        1695
         909        1695
         910        1695
         911        1695
         912        1695
         913        1695
         899        1696
         900        1696
         901        1696
         902        1696
         903        1696
         904        1696
         905        1696
         906        1696
         907        1696
         908        1696
         909        1696
         910        1696
         911        1696
         899        1697
         900        1697
         901        1697
         902        1697
         903        1697
         904        1697
         905        1697
         906        1697
         907        1697
         908        1697
         900        1698
         901        1698
         902        1698
         903        1698
         904        1698
         905        1698
         906        1698
         900        1699
         901        1699
         902        1699
         903        1699
         904        1699
         901        1700
         903        1657
         900        1658
         901        1658
         902        1658
         903        1658
         904        1658
         898        1659
         899        1659
         900        1659
         901        1659
         902        1659
         903        1659
         904        1659
         896        1660
         897        1660
         898        1660
         899        1660
         900        1660
         901        1660
         902        1660
         903        1660
         904        1660
         905        1660
         893        1661
         894        1661
         895        1661
         896        1661
         897        1661
         898        1661
         899        1661
         900        1661
         901        1661
         902        1661
         903        1661
         904        1661
         905        1661
         891        1662
         892        1662
         893        1662
         894        1662
         895        1662
         896        1662
         897        1662
         898        1662
         899        1662
         900        1662
         901        1662
         902        1662
         903        1662
         904        1662
         905        1662
         889        1663
         890        1663
         891        1663
         892        1663
         893        1663
         894        1663
         895        1663
         896        1663
         897        1663
         898        1663
         899        1663
         900        1663
         901        1663
         902        1663
         903        1663
         904        1663
         905        1663
         906        1663
         886        1664
         887        1664
         888        1664
         889        1664
         890        1664
         891        1664
         892        1664
         893        1664
         894        1664
         895        1664
         896        1664
         897        1664
         898        1664
         899        1664
         900        1664
         901        1664
         902        1664
         903        1664
         904        1664
         905        1664
         906        1664
         885        1665
         886        1665
         887        1665
         888        1665
         889        1665
         890        1665
         891        1665
         892        1665
         893        1665
         894        1665
         895        1665
         896        1665
         897        1665
         898        1665
         899        1665
         900        1665
         901        1665
         902        1665
         903        1665
         904        1665
         905        1665
         906        1665
         907        1665
         886        1666
         887        1666
         888        1666
         889        1666
         890        1666
         891        1666
         892        1666
         893        1666
         894        1666
         895        1666
         896        1666
         897        1666
         898        1666
         899        1666
         900        1666
         901        1666
         902        1666
         903        1666
         904        1666
         905        1666
         906        1666
         907        1666
         886        1667
         887        1667
         888        1667
         889        1667
         890        1667
         891        1667
         892        1667
         893        1667
         894        1667
         895        1667
         896        1667
         897        1667
         898        1667
         899        1667
         900        1667
         901        1667
         902        1667
         903        1667
         904        1667
         905        1667
         906        1667
         907        1667
         908        1667
         887        1668
         888        1668
         889        1668
         890        1668
         891        1668
         892        1668
         893        1668
         894        1668
         895        1668
         896        1668
         897        1668
         898        1668
         899        1668
         900        1668
         901        1668
         902        1668
         903        1668
         904        1668
         905        1668
         906        1668
         907        1668
         908        1668
         887        1669
         888        1669
         889        1669
         890        1669
         891        1669
         892        1669
         893        1669
         894        1669
         895        1669
         896        1669
         897        1669
         898        1669
         899        1669
         900        1669
         901        1669
         902        1669
         903        1669
         904        1669
         905        1669
         906        1669
         907        1669
         908        1669
         909        1669
         887        1670
         888        1670
         889        1670
         890        1670
         891        1670
         892        1670
         893        1670
         894        1670
         895        1670
         896        1670
         897        1670
         898        1670
         899        1670
         900        1670
         901        1670
         902        1670
         903        1670
         904        1670
         905        1670
         906        1670
         907        1670
         908        1670
         909        1670
         888        1671
         889        1671
         890        1671
         891        1671
         892        1671
         893        1671
         894        1671
         895        1671
         896        1671
         897        1671
         898        1671
         899        1671
         900        1671
         901        1671
         902        1671
         903        1671
         904        1671
         905        1671
         906        1671
         907        1671
         908        1671
         909        1671
         888        1672
         889        1672
         890        1672
         891        1672
         892        1672
         893        1672
         894        1672
         895        1672
         896        1672
         897        1672
         898        1672
         899        1672
         900        1672
         901        1672
         902        1672
         903        1672
         904        1672
         905        1672
         906        1672
         907        1672
         908        1672
         909        1672
         910        1672
         889        1673
         890        1673
         891        1673
         892        1673
         893        1673
         894        1673
         895        1673
         896        1673
         897        1673
         898        1673
         899        1673
         900        1673
         901        1673
         902        1673
         903        1673
         904        1673
         905        1673
         906        1673
         907        1673
         908        1673
         909        1673
         910        1673
         889        1674
         890        1674
         891        1674
         892        1674
         893        1674
         894        1674
         895        1674
         896        1674
         897        1674
         898        1674
         899        1674
         900        1674
         901        1674
         902        1674
         903        1674
         904        1674
         905        1674
         906        1674
         907        1674
         908        1674
         909        1674
         910        1674
         911        1674
         890        1675
         891        1675
         892        1675
         893        1675
         894        1675
         895        1675
         896        1675
         897        1675
         898        1675
         899        1675
         900        1675
         901        1675
         902        1675
         903        1675
         904        1675
         905        1675
         906        1675
         907        1675
         908        1675
         909        1675
         910        1675
         890        1676
         891        1676
         892        1676
         893        1676
         894        1676
         895        1676
         896        1676
         897        1676
         898        1676
         899        1676
         900        1676
         901        1676
         902        1676
         903        1676
         904        1676
         905        1676
         906        1676
         907        1676
         891        1677
         892        1677
         893        1677
         894        1677
         895        1677
         896        1677
         897        1677
         898        1677
         899        1677
         900        1677
         901        1677
         902        1677
         903        1677
         904        1677
         905        1677
         891        1678
         892        1678
         893        1678
         894        1678
         895        1678
         896        1678
         897        1678
         898        1678
         899        1678
         900        1678
         901        1678
         902        1678
         903        1678
         891        1679
         892        1679
         893        1679
         894        1679
         895        1679
         896        1679
         897        1679
         898        1679
         899        1679
         900        1679
         892        1680
         893        1680
         894        1680
         895        1680
         896        1680
         897        1680
         898        1680
         892        1681
         893        1681
         894        1681
         895        1681
         896        1681
         893        1682
         929        1667
         927        1668
         928        1668
         929        1668
         930        1668
         924        1669
         925        1669
         926        1669
         927        1669
         928        1669
         929        1669
         930        1669
         922        1670
         923        1670
         924        1670
         925        1670
         926        1670
         927        1670
         928        1670
         929        1670
         930        1670
         931        1670
         920        1671
         921        1671
         922        1671
         923        1671
         924        1671
         925        1671
         926        1671
         927        1671
         928        1671
         929        1671
         930        1671
         931        1671
         918        1672
         919        1672
         920        1672
         921        1672
         922        1672
         923        1672
         924        1672
         925        1672
         926        1672
         927        1672
         928        1672
         929        1672
         930        1672
         931        1672
         915        1673
         916        1673
         917        1673
         918        1673
         919        1673
         920        1673
         921        1673
         922        1673
         923        1673
         924        1673
         925        1673
         926        1673
         927        1673
         928        1673
         929        1673
         930        1673
         931        1673
         932        1673
         913        1674
         914        1674
         915        1674
         916        1674
         917        1674
         918        1674
         919        1674
         920        1674
         921        1674
         922        1674
         923        1674
         924        1674
         925        1674
         926        1674
         927        1674
         928        1674
         929        1674
         930        1674
         931        1674
         932        1674
         912        1675
         913        1675
         914        1675
         915        1675
         916        1675
         917        1675
         918        1675
         919        1675
         920        1675
         921        1675
         922        1675
         923        1675
         924        1675
         925        1675
         926        1675
         927        1675
         928        1675
         929        1675
         930        1675
         931        1675
         932        1675
         933        1675
         913        1676
         914        1676
         915        1676
         916        1676
         917        1676
         918        1676
         919        1676
         920        1676
         921        1676
         922        1676
         923        1676
         924        1676
         925        1676
         926        1676
         927        1676
         928        1676
         929        1676
         930        1676
         931        1676
         932        1676
         933        1676
         913        1677
         914        1677
         915        1677
         916        1677
         917        1677
         918        1677
         919        1677
         920        1677
         921        1677
         922        1677
         923        1677
         924        1677
         925        1677
         926        1677
         927        1677
         928        1677
         929        1677
         930        1677
         931        1677
         932        1677
         933        1677
         934        1677
         914        1678
         915        1678
         916        1678
         917        1678
         918        1678
         919        1678
         920        1678
         921        1678
         922        1678
         923        1678
         924        1678
         925        1678
         926        1678
         927        1678
         928        1678
         929        1678
         930        1678
         931        1678
         932        1678
         933        1678
         934        1678
         914        1679
         915        1679
         916        1679
         917        1679
         918        1679
         919        1679
         920        1679
         921        1679
         922        1679
         923        1679
         924        1679
         925        1679
         926        1679
         927        1679
         928        1679
         929        1679
         930        1679
         931        1679
         932        1679
         933        1679
         934        1679
         935        1679
         914        1680
         915        1680
         916        1680
         917        1680
         918        1680
         919        1680
         920        1680
         921        1680
         922        1680
         923        1680
         924        1680
         925        1680
         926        1680
         927        1680
         928        1680
         929        1680
         930        1680
         931        1680
         932        1680
         933        1680
         934        1680
         935        1680
         915        1681
         916        1681
         917        1681
         918        1681
         919        1681
         920        1681
         921        1681
         922        1681
         923        1681
         924        1681
         925        1681
         926        1681
         927        1681
         928        1681
         929        1681
         930        1681
         931        1681
         932        1681
         933        1681
         934        1681
         935        1681
         915        1682
         916        1682
         917        1682
         918        1682
         919        1682
         920        1682
         921        1682
         922        1682
         923        1682
         924        1682
         925        1682
         926        1682
         927        1682
         928        1682
         929        1682
         930        1682
         931        1682
         932        1682
         933        1682
         934        1682
         935        1682
         936        1682
         916        1683
         917        1683
         918        1683
         919        1683
         920        1683
         921        1683
         922        1683
         923        1683
         924        1683
         925        1683
         926        1683
         927        1683
         928        1683
         929        1683
         930        1683
         931        1683
         932        1683
         933        1683
         934        1683
         935        1683
         936        1683
         916        1684
         917        1684
         918        1684
         919        1684
         920        1684
         921        1684
         922        1684
         923        1684
         924        1684
         925        1684
         926        1684
         927        1684
         928        1684
         929        1684
         930        1684
         931        1684
         932        1684
         933        1684
         934        1684
         935        1684
         936        1684
         937        1684
         917        1685
         918        1685
         919        1685
         920        1685
         921        1685
         922        1685
         923        1685
         924        1685
         925        1685
         926        1685
         927        1685
         928        1685
         929        1685
         930        1685
         931        1685
         932        1685
         933        1685
         934        1685
         935        1685
         936        1685
         917        1686
         918        1686
         919        1686
         920        1686
         921        1686
         922        1686
         923        1686
         924        1686
         925        1686
         926        1686
         927        1686
         928        1686
         929        1686
         930        1686
         931        1686
         932        1686
         933        1686
         934        1686
         918        1687
         919        1687
         920        1687
         921        1687
         922        1687
         923        1687
         924        1687
         925        1687
         926        1687
         927        1687
         928        1687
         929        1687
         930        1687
         931        1687
         918        1688
         919        1688
         920        1688
         921        1688
         922        1688
         923        1688
         924        1688
         925        1688
         926        1688
         927        1688
         928        1688
         929        1688
         918        1689
         919        1689
         920        1689
         921        1689
         922        1689
         923        1689
         924        1689
         925        1689
         926        1689
         927        1689
         919        1690
         920        1690
         921        1690
         922        1690
         923        1690
         924        1690
         925        1690
         919        1691
         920        1691
         921        1691
         922        1691
         920        1692
         921        1649
         919        1650
         920        1650
         921        1650
         922        1650
         916        1651
         917        1651
         918        1651
         919        1651
         920        1651
         921        1651
         922        1651
         914        1652
         915        1652
         916        1652
         917        1652
         918        1652
         919        1652
         920        1652
         921        1652
         922        1652
         923        1652
         912        1653
         913        1653
         914        1653
         915        1653
         916        1653
         917        1653
         918        1653
         919        1653
         920        1653
         921        1653
         922        1653
         923        1653
         910        1654
         911        1654
         912        1654
         913        1654
         914        1654
         915        1654
         916        1654
         917        1654
         918        1654
         919        1654
         920        1654
         921        1654
         922        1654
         923        1654
         907        1655
         908        1655
         909        1655
         910        1655
         911        1655
         912        1655
         913        1655
         914        1655
         915        1655
         916        1655
         917        1655
         918        1655
         919        1655
         920        1655
         921        1655
         922        1655
         923        1655
         924        1655
         905        1656
         906        1656
         907        1656
         908        1656
         909        1656
         910        1656
         911        1656
         912        1656
         913        1656
         914        1656
         915        1656
         916        1656
         917        1656
         918        1656
         919        1656
         920        1656
         921        1656
         922        1656
         923        1656
         924        1656
         904        1657
         905        1657
         906        1657
         907        1657
         908        1657
         909        1657
         910        1657
         911        1657
         912        1657
         913        1657
         914        1657
         915        1657
         916        1657
         917        1657
         918        1657
         919        1657
         920        1657
         921        1657
         922        1657
         923        1657
         924        1657
         925        1657
         905        1658
         906        1658
         907        1658
         908        1658
         909        1658
         910        1658
         911        1658
         912        1658
         913        1658
         914        1658
         915        1658
         916        1658
         917        1658
         918        1658
         919        1658
         920        1658
         921        1658
         922        1658
         923        1658
         924        1658
         925        1658
         905        1659
         906        1659
         907        1659
         908        1659
         909        1659
         910        1659
         911        1659
         912        1659
         913        1659
         914        1659
         915        1659
         916        1659
         917        1659
         918        1659
         919        1659
         920        1659
         921        1659
         922        1659
         923        1659
         924        1659
         925        1659
         926        1659
         906        1660
         907        1660
         908        1660
         909        1660
         910        1660
         911        1660
         912        1660
         913        1660
         914        1660
         915        1660
         916        1660
         917        1660
         918        1660
         919        1660
         920        1660
         921        1660
         922        1660
         923        1660
         924        1660
         925        1660
         926        1660
         906        1661
         907        1661
         908        1661
         909        1661
         910        1661
         911        1661
         912        1661
         913        1661
         914        1661
         915        1661
         916        1661
         917        1661
         918        1661
         919        1661
         920        1661
         921        1661
         922        1661
         923        1661
         924        1661
         925        1661
         926        1661
         927        1661
         906        1662
         907        1662
         908        1662
         909        1662
         910        1662
         911        1662
         912        1662
         913        1662
         914        1662
         915        1662
         916        1662
         917        1662
         918        1662
         919        1662
         920        1662
         921        1662
         922        1662
         923        1662
         924        1662
         925        1662
         926        1662
         927        1662
         907        1663
         908        1663
         909        1663
         910        1663
         911        1663
         912        1663
         913        1663
         914        1663
         915        1663
         916        1663
         917        1663
         918        1663
         919        1663
         920        1663
         921        1663
         922        1663
         923        1663
         924        1663
         925        1663
         926        1663
         927        1663
         907        1664
         908        1664
         909        1664
         910        1664
         911        1664
         912        1664
         913        1664
         914        1664
         915        1664
         916        1664
         917        1664
         918        1664
         919        1664
         920        1664
         921        1664
         922        1664
         923        1664
         924        1664
         925        1664
         926        1664
         927        1664
         928        1664
         908        1665
         909        1665
         910        1665
         911        1665
         912        1665
         913        1665
         914        1665
         915        1665
         916        1665
         917        1665
         918        1665
         919        1665
         920        1665
         921        1665
         922        1665
         923        1665
         924        1665
         925        1665
         926        1665
         927        1665
         928        1665
         908        1666
         909        1666
         910        1666
         911        1666
         912        1666
         913        1666
         914        1666
         915        1666
         916        1666
         917        1666
         918        1666
         919        1666
         920        1666
         921        1666
         922        1666
         923        1666
         924        1666
         925        1666
         926        1666
         927        1666
         928        1666
         929        1666
         909        1667
         910        1667
         911        1667
         912        1667
         913        1667
         914        1667
         915        1667
         916        1667
         917        1667
         918        1667
         919        1667
         920        1667
         921        1667
         922        1667
         923        1667
         924        1667
         925        1667
         926        1667
         927        1667
         928        1667
         909        1668
         910        1668
         911        1668
         912        1668
         913        1668
         914        1668
         915        1668
         916        1668
         917        1668
         918        1668
         919        1668
         920        1668
         921        1668
         922        1668
         923        1668
         924        1668
         925        1668
         926        1668
         910        1669
         911        1669
         912        1669
         913        1669
         914        1669
         915        1669
         916        1669
         917        1669
         918        1669
         919        1669
         920        1669
         921        1669
         922        1669
         923        1669
         910        1670
         911        1670
         912        1670
         913        1670
         914        1670
         915        1670
         916        1670
         917        1670
         918        1670
         919        1670
         920        1670
         921        1670
         910        1671
         911        1671
         912        1671
         913        1671
         914        1671
         915        1671
         916        1671
         917        1671
         918        1671
         919        1671
         911        1672
         912        1672
         913        1672
         914        1672
         915        1672
         916        1672
         917        1672
         911        1673
         912        1673
         913        1673
         914        1673
         912        1674
