         754        1687
         752        1688
         753        1688
         754        1688
         755        1688
         749        1689
         750        1689
         751        1689
         752        1689
         753        1689
         754        1689
         755        1689
         747        1690
         748        1690
         749        1690
         750        1690
         751        1690
         752        1690
         753        1690
         754        1690
         755        1690
         756        1690
         745        1691
         746        1691
         747        1691
         748        1691
         749        1691
         750        1691
         751        1691
         752        1691
         753        1691
         754        1691
         755        1691
         756        1691
         743        1692
         744        1692
         745        1692
         746        1692
         747        1692
         748        1692
         749        1692
         750        1692
         751        1692
         752        1692
         753        1692
         754        1692
         755        1692
         756        1692
         740        1693
         741        1693
         742        1693
         743        1693
         744        1693
         745        1693
         746        1693
         747        1693
         748        1693
         749        1693
         750        1693
         751        1693
         752        1693
         753        1693
         754        1693
         755        1693
         756        1693
         757        1693
         738        1694
         739        1694
         740        1694
         741        1694
         742        1694
         743        1694
         744        1694
         745        1694
         746        1694
         747        1694
         748        1694
         749        1694
         750        1694
         751        1694
         752        1694
         753        1694
         754        1694
         755        1694
         756        1694
         757        1694
         737        1695
         738        1695
         739        1695
         740        1695
         741        1695
         742        1695
         743        1695
         744        1695
         745        1695
         746        1695
         747        1695
         748        1695
         749        1695
         750        1695
         751        1695
         752        1695
         753        1695
         754        1695
         755        1695
         756        1695
         757        1695
         758        1695
         738        1696
         739        1696
         740        1696
         741        1696
         742        1696
         743        1696
         744        1696
         745        1696
         746        1696
         747        1696
         748        1696
         749        1696
         750        1696
         751        1696
         752        1696
         753        1696
         754        1696
         755        1696
         756        1696
         757        1696
         758        1696
         738        1697
         739        1697
         740        1697
         741        1697
         742        1697
         743        1697
         744        1697
         745        1697
         746        1697
         747        1697
         748        1697
         749        1697
         750        1697
         751        1697
         752        1697
         753        1697
         754        1697
         755        1697
         756        1697
         757        1697
         758        1697
         759        1697
         739        1698
         740        1698
         741        1698
         742        1698
         743        1698
         744        1698
         745        1698
         746        1698
         747        1698
         748        1698
         749        1698
         750        1698
         751        1698
         752        1698
         753        1698
         754        1698
         755        1698
         756        1698
         757        1698
         758        1698
         759        1698
         739        1699
         740        1699
         741        1699
         742        1699
         743        1699
         744        1699
         745        1699
         746        1699
         747        1699
         748        1699
         749        1699
         750        1699
         751        1699
         752        1699
         753        1699
         754        1699
         755        1699
         756        1699
         757        1699
         758        1699
         759        1699
         760        1699
         739        1700
         740        1700
         741        1700
         742        1700
         743        1700
         744        1700
         745        1700
         746        1700
         747        1700
         748        1700
         749        1700
         750        1700
         751        1700
         752        1700
         753        1700
         754        1700
         755        1700
         756        1700
         757        1700
         758        1700
         759        1700
         760        1700
         740        1701
         741        1701
         742        1701
         743        1701
         744        1701
         745        1701
         746        1701
         747        1701
         748        1701
         749        1701
         750        1701
         751        1701
         752        1701
         753        1701
         754        1701
         755        1701
         756        1701
         757        1701
         758        1701
         759        1701
         760        1701
         740        1702
         741        1702
         742        1702
         743        1702
         744        1702
         745        1702
         746        1702
         747        1702
         748        1702
         749        1702
         750        1702
         751        1702
         752        1702
         753        1702
         754        1702
         755        1702
         756        1702
         757        1702
         758        1702
         759        1702
         760        1702
         761        1702
         741        1703
         742        1703
         743        1703
         744        1703
         745        1703
         746        1703
         747        1703
         748        1703
         749        1703
         750        1703
         751        1703
         752        1703
         753        1703
         754        1703
         755        1703
         756        1703
         757        1703
         758        1703
         759        1703
         760        1703
         761        1703
         741        1704
         742        1704
         743        1704
         744        1704
         745        1704
         746        1704
         747        1704
         748        1704
         749        1704
         750        1704
         751        1704
         752        1704
         753        1704
         754        1704
         755        1704
         756        1704
         757        1704
         758        1704
         759        1704
         760        1704
         761        1704
         762        1704
         742        1705
         743        1705
         744        1705
         745        1705
         746        1705
         747        1705
         748        1705
         749        1705
         750        1705
         751        1705
         752        1705
         753        1705
         754        1705
         755        1705
         756        1705
         757        1705
         758        1705
         759        1705
         760        1705
         761        1705
         742        1706
         743        1706
         744        1706
         745        1706
         746        1706
         747        1706
         748        1706
         749        1706
         750        1706
         751        1706
         752        1706
         753        1706
         754        1706
         755        1706
         756        1706
         757        1706
         758        1706
         759        1706
         743        1707
         744        1707
         745        1707
         746        1707
         747        1707
         748        1707
         749        1707
         750        1707
         751        1707
         752        1707
         753        1707
         754        1707
         755        1707
         756        1707
         743        1708
         744        1708
         745        1708
         746        1708
         747        1708
         748        1708
         749        1708
         750        1708
         751        1708
         752        1708
         753        1708
         754        1708
         743        1709
         744        1709
         745        1709
         746        1709
         747        1709
         748        1709
         749        1709
         750        1709
         751        1709
         752        1709
         744        1710
         745        1710
         746        1710
         747        1710
         748        1710
         749        1710
         750        1710
         744        1711
         745        1711
         746        1711
         747        1711
         745        1712
