         733        1406
         730        1407
         731        1407
         732        1407
         733        1407
         734        1407
         727        1408
         728        1408
         729        1408
         730        1408
         731        1408
         732        1408
         733        1408
         734        1408
         724        1409
         725        1409
         726        1409
         727        1409
         728        1409
         729        1409
         730        1409
         731        1409
         732        1409
         733        1409
         734        1409
         735        1409
         722        1410
         723        1410
         724        1410
         725        1410
         726        1410
         727        1410
         728        1410
         729        1410
         730        1410
         731        1410
         732        1410
         733        1410
         734        1410
         735        1410
         719        1411
         720        1411
         721        1411
         722        1411
         723        1411
         724        1411
         725        1411
         726        1411
         727        1411
         728        1411
         729        1411
         730        1411
         731        1411
         732        1411
         733        1411
         734        1411
         735        1411
         716        1412
         717        1412
         718        1412
         719        1412
         720        1412
         721        1412
         722        1412
         723        1412
         724        1412
         725        1412
         726        1412
         727        1412
         728        1412
         729        1412
         730        1412
         731        1412
         732        1412
         733        1412
         734        1412
         735        1412
         736        1412
         715        1413
         716        1413
         717        1413
         718        1413
         719        1413
         720        1413
         721        1413
         722        1413
         723        1413
         724        1413
         725        1413
         726        1413
         727        1413
         728        1413
         729        1413
         730        1413
         731        1413
         732        1413
         733        1413
         734        1413
         735        1413
         736        1413
         716        1414
         717        1414
         718        1414
         719        1414
         720        1414
         721        1414
         722        1414
         723        1414
         724        1414
         725        1414
         726        1414
         727        1414
         728        1414
         729        1414
         730        1414
         731        1414
         732        1414
         733        1414
         734        1414
         735        1414
         736        1414
         737        1414
         716        1415
         717        1415
         718        1415
         719        1415
         720        1415
         721        1415
         722        1415
         723        1415
         724        1415
         725        1415
         726        1415
         727        1415
         728        1415
         729        1415
         730        1415
         731        1415
         732        1415
         733        1415
         734        1415
         735        1415
         736        1415
         737        1415
         716        1416
         717        1416
         718        1416
         719        1416
         720        1416
         721        1416
         722        1416
         723        1416
         724        1416
         725        1416
         726        1416
         727        1416
         728        1416
         729        1416
         730        1416
         731        1416
         732        1416
         733        1416
         734        1416
         735        1416
         736        1416
         737        1416
         738        1416
         717        1417
         718        1417
         719        1417
         720        1417
         721        1417
         722        1417
         723        1417
         724        1417
         725        1417
         726        1417
         727        1417
         728        1417
         729        1417
         730        1417
         731        1417
         732        1417
         733        1417
         734        1417
         735        1417
         736        1417
         737        1417
         738        1417
         717        1418
         718        1418
         719        1418
         720        1418
         721        1418
         722        1418
         723        1418
         724        1418
         725        1418
         726        1418
         727        1418
         728        1418
         729        1418
         730        1418
         731        1418
         732        1418
         733        1418
         734        1418
         735        1418
         736        1418
         737        1418
         738        1418
         739        1418
         718        1419
         719        1419
         720        1419
         721        1419
         722        1419
         723        1419
         724        1419
         725        1419
         726        1419
         727        1419
         728        1419
         729        1419
         730        1419
         731        1419
         732        1419
         733        1419
         734        1419
         735        1419
         736        1419
         737        1419
         738        1419
         739        1419
         718        1420
         719        1420
         720        1420
         721        1420
         722        1420
         723        1420
         724        1420
         725        1420
         726        1420
         727        1420
         728        1420
         729        1420
         730        1420
         731        1420
         732        1420
         733        1420
         734        1420
         735        1420
         736        1420
         737        1420
         738        1420
         739        1420
         719        1421
         720        1421
         721        1421
         722        1421
         723        1421
         724        1421
         725        1421
         726        1421
         727        1421
         728        1421
         729        1421
         730        1421
         731        1421
         732        1421
         733        1421
         734        1421
         735        1421
         736        1421
         737        1421
         738        1421
         739        1421
         740        1421
         719        1422
         720        1422
         721        1422
         722        1422
         723        1422
         724        1422
         725        1422
         726        1422
         727        1422
         728        1422
         729        1422
         730        1422
         731        1422
         732        1422
         733        1422
         734        1422
         735        1422
         736        1422
         737        1422
         738        1422
         739        1422
         740        1422
         719        1423
         720        1423
         721        1423
         722        1423
         723        1423
         724        1423
         725        1423
         726        1423
         727        1423
         728        1423
         729        1423
         730        1423
         731        1423
         732        1423
         733        1423
         734        1423
         735        1423
         736        1423
         737        1423
         738        1423
         739        1423
         740        1423
         741        1423
         720        1424
         721        1424
         722        1424
         723        1424
         724        1424
         725        1424
         726        1424
         727        1424
         728        1424
         729        1424
         730        1424
         731        1424
         732        1424
         733        1424
         734        1424
         735        1424
         736        1424
         737        1424
         738        1424
         739        1424
         740        1424
         720        1425
         721        1425
         722        1425
         723        1425
         724        1425
         725        1425
         726        1425
         727        1425
         728        1425
         729        1425
         730        1425
         731        1425
         732        1425
         733        1425
         734        1425
         735        1425
         736        1425
         737        1425
         721        1426
         722        1426
         723        1426
         724        1426
         725        1426
         726        1426
         727        1426
         728        1426
         729        1426
         730        1426
         731        1426
         732        1426
         733        1426
         734        1426
         735        1426
         721        1427
         722        1427
         723        1427
         724        1427
         725        1427
         726        1427
         727        1427
         728        1427
         729        1427
         730        1427
         731        1427
         732        1427
         733        1427
         722        1428
         723        1428
         724        1428
         725        1428
         726        1428
         727        1428
         728        1428
         729        1428
         730        1428
         722        1429
         723        1429
         724        1429
         725        1429
         726        1429
         727        1429
         728        1429
         722        1430
         723        1430
         724        1430
         725        1430
         726        1430
         723        1431
