         728        1677
         725        1678
         726        1678
         727        1678
         728        1678
         729        1678
         723        1679
         724        1679
         725        1679
         726        1679
         727        1679
         728        1679
         729        1679
         721        1680
         722        1680
         723        1680
         724        1680
         725        1680
         726        1680
         727        1680
         728        1680
         729        1680
         730        1680
         718        1681
         719        1681
         720        1681
         721        1681
         722        1681
         723        1681
         724        1681
         725        1681
         726        1681
         727        1681
         728        1681
         729        1681
         730        1681
         716        1682
         717        1682
         718        1682
         719        1682
         720        1682
         721        1682
         722        1682
         723        1682
         724        1682
         725        1682
         726        1682
         727        1682
         728        1682
         729        1682
         730        1682
         714        1683
         715        1683
         716        1683
         717        1683
         718        1683
         719        1683
         720        1683
         721        1683
         722        1683
         723        1683
         724        1683
         725        1683
         726        1683
         727        1683
         728        1683
         729        1683
         730        1683
         731        1683
         711        1684
         712        1684
         713        1684
         714        1684
         715        1684
         716        1684
         717        1684
         718        1684
         719        1684
         720        1684
         721        1684
         722        1684
         723        1684
         724        1684
         725        1684
         726        1684
         727        1684
         728        1684
         729        1684
         730        1684
         731        1684
         710        1685
         711        1685
         712        1685
         713        1685
         714        1685
         715        1685
         716        1685
         717        1685
         718        1685
         719        1685
         720        1685
         721        1685
         722        1685
         723        1685
         724        1685
         725        1685
         726        1685
         727        1685
         728        1685
         729        1685
         730        1685
         731        1685
         732        1685
         711        1686
         712        1686
         713        1686
         714        1686
         715        1686
         716        1686
         717        1686
         718        1686
         719        1686
         720        1686
         721        1686
         722        1686
         723        1686
         724        1686
         725        1686
         726        1686
         727        1686
         728        1686
         729        1686
         730        1686
         731        1686
         732        1686
         711        1687
         712        1687
         713        1687
         714        1687
         715        1687
         716        1687
         717        1687
         718        1687
         719        1687
         720        1687
         721        1687
         722        1687
         723        1687
         724        1687
         725        1687
         726        1687
         727        1687
         728        1687
         729        1687
         730        1687
         731        1687
         732        1687
         733        1687
         712        1688
         713        1688
         714        1688
         715        1688
         716        1688
         717        1688
         718        1688
         719        1688
         720        1688
         721        1688
         722        1688
         723        1688
         724        1688
         725        1688
         726        1688
         727        1688
         728        1688
         729        1688
         730        1688
         731        1688
         732        1688
         733        1688
         712        1689
         713        1689
         714        1689
         715        1689
         716        1689
         717        1689
         718        1689
         719        1689
         720        1689
         721        1689
         722        1689
         723        1689
         724        1689
         725        1689
         726        1689
         727        1689
         728        1689
         729        1689
         730        1689
         731        1689
         732        1689
         733        1689
         734        1689
         713        1690
         714        1690
         715        1690
         716        1690
         717        1690
         718        1690
         719        1690
         720        1690
         721        1690
         722        1690
         723        1690
         724        1690
         725        1690
         726        1690
         727        1690
         728        1690
         729        1690
         730        1690
         731        1690
         732        1690
         733        1690
         734        1690
         713        1691
         714        1691
         715        1691
         716        1691
         717        1691
         718        1691
         719        1691
         720        1691
         721        1691
         722        1691
         723        1691
         724        1691
         725        1691
         726        1691
         727        1691
         728        1691
         729        1691
         730        1691
         731        1691
         732        1691
         733        1691
         734        1691
         714        1692
         715        1692
         716        1692
         717        1692
         718        1692
         719        1692
         720        1692
         721        1692
         722        1692
         723        1692
         724        1692
         725        1692
         726        1692
         727        1692
         728        1692
         729        1692
         730        1692
         731        1692
         732        1692
         733        1692
         734        1692
         735        1692
         714        1693
         715        1693
         716        1693
         717        1693
         718        1693
         719        1693
         720        1693
         721        1693
         722        1693
         723        1693
         724        1693
         725        1693
         726        1693
         727        1693
         728        1693
         729        1693
         730        1693
         731        1693
         732        1693
         733        1693
         734        1693
         735        1693
         715        1694
         716        1694
         717        1694
         718        1694
         719        1694
         720        1694
         721        1694
         722        1694
         723        1694
         724        1694
         725        1694
         726        1694
         727        1694
         728        1694
         729        1694
         730        1694
         731        1694
         732        1694
         733        1694
         734        1694
         735        1694
         736        1694
         715        1695
         716        1695
         717        1695
         718        1695
         719        1695
         720        1695
         721        1695
         722        1695
         723        1695
         724        1695
         725        1695
         726        1695
         727        1695
         728        1695
         729        1695
         730        1695
         731        1695
         732        1695
         733        1695
         734        1695
         735        1695
         716        1696
         717        1696
         718        1696
         719        1696
         720        1696
         721        1696
         722        1696
         723        1696
         724        1696
         725        1696
         726        1696
         727        1696
         728        1696
         729        1696
         730        1696
         731        1696
         732        1696
         733        1696
         716        1697
         717        1697
         718        1697
         719        1697
         720        1697
         721        1697
         722        1697
         723        1697
         724        1697
         725        1697
         726        1697
         727        1697
         728        1697
         729        1697
         730        1697
         717        1698
         718        1698
         719        1698
         720        1698
         721        1698
         722        1698
         723        1698
         724        1698
         725        1698
         726        1698
         727        1698
         728        1698
         717        1699
         718        1699
         719        1699
         720        1699
         721        1699
         722        1699
         723        1699
         724        1699
         725        1699
         726        1699
         718        1700
         719        1700
         720        1700
         721        1700
         722        1700
         723        1700
         724        1700
         718        1701
         719        1701
         720        1701
         721        1701
         719        1702
