         903        1657
         900        1658
         901        1658
         902        1658
         903        1658
         904        1658
         898        1659
         899        1659
         900        1659
         901        1659
         902        1659
         903        1659
         904        1659
         896        1660
         897        1660
         898        1660
         899        1660
         900        1660
         901        1660
         902        1660
         903        1660
         904        1660
         905        1660
         893        1661
         894        1661
         895        1661
         896        1661
         897        1661
         898        1661
         899        1661
         900        1661
         901        1661
         902        1661
         903        1661
         904        1661
         905        1661
         891        1662
         892        1662
         893        1662
         894        1662
         895        1662
         896        1662
         897        1662
         898        1662
         899        1662
         900        1662
         901        1662
         902        1662
         903        1662
         904        1662
         905        1662
         889        1663
         890        1663
         891        1663
         892        1663
         893        1663
         894        1663
         895        1663
         896        1663
         897        1663
         898        1663
         899        1663
         900        1663
         901        1663
         902        1663
         903        1663
         904        1663
         905        1663
         906        1663
         886        1664
         887        1664
         888        1664
         889        1664
         890        1664
         891        1664
         892        1664
         893        1664
         894        1664
         895        1664
         896        1664
         897        1664
         898        1664
         899        1664
         900        1664
         901        1664
         902        1664
         903        1664
         904        1664
         905        1664
         906        1664
         885        1665
         886        1665
         887        1665
         888        1665
         889        1665
         890        1665
         891        1665
         892        1665
         893        1665
         894        1665
         895        1665
         896        1665
         897        1665
         898        1665
         899        1665
         900        1665
         901        1665
         902        1665
         903        1665
         904        1665
         905        1665
         906        1665
         907        1665
         886        1666
         887        1666
         888        1666
         889        1666
         890        1666
         891        1666
         892        1666
         893        1666
         894        1666
         895        1666
         896        1666
         897        1666
         898        1666
         899        1666
         900        1666
         901        1666
         902        1666
         903        1666
         904        1666
         905        1666
         906        1666
         907        1666
         886        1667
         887        1667
         888        1667
         889        1667
         890        1667
         891        1667
         892        1667
         893        1667
         894        1667
         895        1667
         896        1667
         897        1667
         898        1667
         899        1667
         900        1667
         901        1667
         902        1667
         903        1667
         904        1667
         905        1667
         906        1667
         907        1667
         908        1667
         887        1668
         888        1668
         889        1668
         890        1668
         891        1668
         892        1668
         893        1668
         894        1668
         895        1668
         896        1668
         897        1668
         898        1668
         899        1668
         900        1668
         901        1668
         902        1668
         903        1668
         904        1668
         905        1668
         906        1668
         907        1668
         908        1668
         887        1669
         888        1669
         889        1669
         890        1669
         891        1669
         892        1669
         893        1669
         894        1669
         895        1669
         896        1669
         897        1669
         898        1669
         899        1669
         900        1669
         901        1669
         902        1669
         903        1669
         904        1669
         905        1669
         906        1669
         907        1669
         908        1669
         909        1669
         887        1670
         888        1670
         889        1670
         890        1670
         891        1670
         892        1670
         893        1670
         894        1670
         895        1670
         896        1670
         897        1670
         898        1670
         899        1670
         900        1670
         901        1670
         902        1670
         903        1670
         904        1670
         905        1670
         906        1670
         907        1670
         908        1670
         909        1670
         888        1671
         889        1671
         890        1671
         891        1671
         892        1671
         893        1671
         894        1671
         895        1671
         896        1671
         897        1671
         898        1671
         899        1671
         900        1671
         901        1671
         902        1671
         903        1671
         904        1671
         905        1671
         906        1671
         907        1671
         908        1671
         909        1671
         888        1672
         889        1672
         890        1672
         891        1672
         892        1672
         893        1672
         894        1672
         895        1672
         896        1672
         897        1672
         898        1672
         899        1672
         900        1672
         901        1672
         902        1672
         903        1672
         904        1672
         905        1672
         906        1672
         907        1672
         908        1672
         909        1672
         910        1672
         889        1673
         890        1673
         891        1673
         892        1673
         893        1673
         894        1673
         895        1673
         896        1673
         897        1673
         898        1673
         899        1673
         900        1673
         901        1673
         902        1673
         903        1673
         904        1673
         905        1673
         906        1673
         907        1673
         908        1673
         909        1673
         910        1673
         889        1674
         890        1674
         891        1674
         892        1674
         893        1674
         894        1674
         895        1674
         896        1674
         897        1674
         898        1674
         899        1674
         900        1674
         901        1674
         902        1674
         903        1674
         904        1674
         905        1674
         906        1674
         907        1674
         908        1674
         909        1674
         910        1674
         911        1674
         890        1675
         891        1675
         892        1675
         893        1675
         894        1675
         895        1675
         896        1675
         897        1675
         898        1675
         899        1675
         900        1675
         901        1675
         902        1675
         903        1675
         904        1675
         905        1675
         906        1675
         907        1675
         908        1675
         909        1675
         910        1675
         890        1676
         891        1676
         892        1676
         893        1676
         894        1676
         895        1676
         896        1676
         897        1676
         898        1676
         899        1676
         900        1676
         901        1676
         902        1676
         903        1676
         904        1676
         905        1676
         906        1676
         907        1676
         891        1677
         892        1677
         893        1677
         894        1677
         895        1677
         896        1677
         897        1677
         898        1677
         899        1677
         900        1677
         901        1677
         902        1677
         903        1677
         904        1677
         905        1677
         891        1678
         892        1678
         893        1678
         894        1678
         895        1678
         896        1678
         897        1678
         898        1678
         899        1678
         900        1678
         901        1678
         902        1678
         903        1678
         891        1679
         892        1679
         893        1679
         894        1679
         895        1679
         896        1679
         897        1679
         898        1679
         899        1679
         900        1679
         892        1680
         893        1680
         894        1680
         895        1680
         896        1680
         897        1680
         898        1680
         892        1681
         893        1681
         894        1681
         895        1681
         896        1681
         893        1682
