         899        1199
         897        1200
         898        1200
         899        1200
         900        1200
         895        1201
         896        1201
         897        1201
         898        1201
         899        1201
         900        1201
         893        1202
         894        1202
         895        1202
         896        1202
         897        1202
         898        1202
         899        1202
         900        1202
         901        1202
         891        1203
         892        1203
         893        1203
         894        1203
         895        1203
         896        1203
         897        1203
         898        1203
         899        1203
         900        1203
         901        1203
         889        1204
         890        1204
         891        1204
         892        1204
         893        1204
         894        1204
         895        1204
         896        1204
         897        1204
         898        1204
         899        1204
         900        1204
         901        1204
         887        1205
         888        1205
         889        1205
         890        1205
         891        1205
         892        1205
         893        1205
         894        1205
         895        1205
         896        1205
         897        1205
         898        1205
         899        1205
         900        1205
         901        1205
         902        1205
         885        1206
         886        1206
         887        1206
         888        1206
         889        1206
         890        1206
         891        1206
         892        1206
         893        1206
         894        1206
         895        1206
         896        1206
         897        1206
         898        1206
         899        1206
         900        1206
         901        1206
         902        1206
         883        1207
         884        1207
         885        1207
         886        1207
         887        1207
         888        1207
         889        1207
         890        1207
         891        1207
         892        1207
         893        1207
         894        1207
         895        1207
         896        1207
         897        1207
         898        1207
         899        1207
         900        1207
         901        1207
         902        1207
         903        1207
         882        1208
         883        1208
         884        1208
         885        1208
         886        1208
         887        1208
         888        1208
         889        1208
         890        1208
         891        1208
         892        1208
         893        1208
         894        1208
         895        1208
         896        1208
         897        1208
         898        1208
         899        1208
         900        1208
         901        1208
         902        1208
         903        1208
         883        1209
         884        1209
         885        1209
         886        1209
         887        1209
         888        1209
         889        1209
         890        1209
         891        1209
         892        1209
         893        1209
         894        1209
         895        1209
         896        1209
         897        1209
         898        1209
         899        1209
         900        1209
         901        1209
         902        1209
         903        1209
         904        1209
         883        1210
         884        1210
         885        1210
         886        1210
         887        1210
         888        1210
         889        1210
         890        1210
         891        1210
         892        1210
         893        1210
         894        1210
         895        1210
         896        1210
         897        1210
         898        1210
         899        1210
         900        1210
         901        1210
         902        1210
         903        1210
         904        1210
         884        1211
         885        1211
         886        1211
         887        1211
         888        1211
         889        1211
         890        1211
         891        1211
         892        1211
         893        1211
         894        1211
         895        1211
         896        1211
         897        1211
         898        1211
         899        1211
         900        1211
         901        1211
         902        1211
         903        1211
         904        1211
         905        1211
         884        1212
         885        1212
         886        1212
         887        1212
         888        1212
         889        1212
         890        1212
         891        1212
         892        1212
         893        1212
         894        1212
         895        1212
         896        1212
         897        1212
         898        1212
         899        1212
         900        1212
         901        1212
         902        1212
         903        1212
         904        1212
         905        1212
         884        1213
         885        1213
         886        1213
         887        1213
         888        1213
         889        1213
         890        1213
         891        1213
         892        1213
         893        1213
         894        1213
         895        1213
         896        1213
         897        1213
         898        1213
         899        1213
         900        1213
         901        1213
         902        1213
         903        1213
         904        1213
         905        1213
         885        1214
         886        1214
         887        1214
         888        1214
         889        1214
         890        1214
         891        1214
         892        1214
         893        1214
         894        1214
         895        1214
         896        1214
         897        1214
         898        1214
         899        1214
         900        1214
         901        1214
         902        1214
         903        1214
         904        1214
         905        1214
         906        1214
         885        1215
         886        1215
         887        1215
         888        1215
         889        1215
         890        1215
         891        1215
         892        1215
         893        1215
         894        1215
         895        1215
         896        1215
         897        1215
         898        1215
         899        1215
         900        1215
         901        1215
         902        1215
         903        1215
         904        1215
         905        1215
         906        1215
         886        1216
         887        1216
         888        1216
         889        1216
         890        1216
         891        1216
         892        1216
         893        1216
         894        1216
         895        1216
         896        1216
         897        1216
         898        1216
         899        1216
         900        1216
         901        1216
         902        1216
         903        1216
         904        1216
         905        1216
         906        1216
         907        1216
         886        1217
         887        1217
         888        1217
         889        1217
         890        1217
         891        1217
         892        1217
         893        1217
         894        1217
         895        1217
         896        1217
         897        1217
         898        1217
         899        1217
         900        1217
         901        1217
         902        1217
         903        1217
         904        1217
         905        1217
         906        1217
         887        1218
         888        1218
         889        1218
         890        1218
         891        1218
         892        1218
         893        1218
         894        1218
         895        1218
         896        1218
         897        1218
         898        1218
         899        1218
         900        1218
         901        1218
         902        1218
         903        1218
         904        1218
         887        1219
         888        1219
         889        1219
         890        1219
         891        1219
         892        1219
         893        1219
         894        1219
         895        1219
         896        1219
         897        1219
         898        1219
         899        1219
         900        1219
         901        1219
         902        1219
         888        1220
         889        1220
         890        1220
         891        1220
         892        1220
         893        1220
         894        1220
         895        1220
         896        1220
         897        1220
         898        1220
         899        1220
         900        1220
         888        1221
         889        1221
         890        1221
         891        1221
         892        1221
         893        1221
         894        1221
         895        1221
         896        1221
         897        1221
         898        1221
         888        1222
         889        1222
         890        1222
         891        1222
         892        1222
         893        1222
         894        1222
         895        1222
         896        1222
         889        1223
         890        1223
         891        1223
         892        1223
         893        1223
         894        1223
         889        1224
         890        1224
         891        1224
         892        1224
         890        1225
