         659        1437
         657        1438
         658        1438
         659        1438
         660        1438
         654        1439
         655        1439
         656        1439
         657        1439
         658        1439
         659        1439
         660        1439
         652        1440
         653        1440
         654        1440
         655        1440
         656        1440
         657        1440
         658        1440
         659        1440
         660        1440
         661        1440
         650        1441
         651        1441
         652        1441
         653        1441
         654        1441
         655        1441
         656        1441
         657        1441
         658        1441
         659        1441
         660        1441
         661        1441
         648        1442
         649        1442
         650        1442
         651        1442
         652        1442
         653        1442
         654        1442
         655        1442
         656        1442
         657        1442
         658        1442
         659        1442
         660        1442
         661        1442
         645        1443
         646        1443
         647        1443
         648        1443
         649        1443
         650        1443
         651        1443
         652        1443
         653        1443
         654        1443
         655        1443
         656        1443
         657        1443
         658        1443
         659        1443
         660        1443
         661        1443
         662        1443
         643        1444
         644        1444
         645        1444
         646        1444
         647        1444
         648        1444
         649        1444
         650        1444
         651        1444
         652        1444
         653        1444
         654        1444
         655        1444
         656        1444
         657        1444
         658        1444
         659        1444
         660        1444
         661        1444
         662        1444
         642        1445
         643        1445
         644        1445
         645        1445
         646        1445
         647        1445
         648        1445
         649        1445
         650        1445
         651        1445
         652        1445
         653        1445
         654        1445
         655        1445
         656        1445
         657        1445
         658        1445
         659        1445
         660        1445
         661        1445
         662        1445
         663        1445
         643        1446
         644        1446
         645        1446
         646        1446
         647        1446
         648        1446
         649        1446
         650        1446
         651        1446
         652        1446
         653        1446
         654        1446
         655        1446
         656        1446
         657        1446
         658        1446
         659        1446
         660        1446
         661        1446
         662        1446
         663        1446
         643        1447
         644        1447
         645        1447
         646        1447
         647        1447
         648        1447
         649        1447
         650        1447
         651        1447
         652        1447
         653        1447
         654        1447
         655        1447
         656        1447
         657        1447
         658        1447
         659        1447
         660        1447
         661        1447
         662        1447
         663        1447
         664        1447
         644        1448
         645        1448
         646        1448
         647        1448
         648        1448
         649        1448
         650        1448
         651        1448
         652        1448
         653        1448
         654        1448
         655        1448
         656        1448
         657        1448
         658        1448
         659        1448
         660        1448
         661        1448
         662        1448
         663        1448
         664        1448
         644        1449
         645        1449
         646        1449
         647        1449
         648        1449
         649        1449
         650        1449
         651        1449
         652        1449
         653        1449
         654        1449
         655        1449
         656        1449
         657        1449
         658        1449
         659        1449
         660        1449
         661        1449
         662        1449
         663        1449
         664        1449
         665        1449
         644        1450
         645        1450
         646        1450
         647        1450
         648        1450
         649        1450
         650        1450
         651        1450
         652        1450
         653        1450
         654        1450
         655        1450
         656        1450
         657        1450
         658        1450
         659        1450
         660        1450
         661        1450
         662        1450
         663        1450
         664        1450
         665        1450
         645        1451
         646        1451
         647        1451
         648        1451
         649        1451
         650        1451
         651        1451
         652        1451
         653        1451
         654        1451
         655        1451
         656        1451
         657        1451
         658        1451
         659        1451
         660        1451
         661        1451
         662        1451
         663        1451
         664        1451
         665        1451
         645        1452
         646        1452
         647        1452
         648        1452
         649        1452
         650        1452
         651        1452
         652        1452
         653        1452
         654        1452
         655        1452
         656        1452
         657        1452
         658        1452
         659        1452
         660        1452
         661        1452
         662        1452
         663        1452
         664        1452
         665        1452
         666        1452
         646        1453
         647        1453
         648        1453
         649        1453
         650        1453
         651        1453
         652        1453
         653        1453
         654        1453
         655        1453
         656        1453
         657        1453
         658        1453
         659        1453
         660        1453
         661        1453
         662        1453
         663        1453
         664        1453
         665        1453
         666        1453
         646        1454
         647        1454
         648        1454
         649        1454
         650        1454
         651        1454
         652        1454
         653        1454
         654        1454
         655        1454
         656        1454
         657        1454
         658        1454
         659        1454
         660        1454
         661        1454
         662        1454
         663        1454
         664        1454
         665        1454
         666        1454
         667        1454
         647        1455
         648        1455
         649        1455
         650        1455
         651        1455
         652        1455
         653        1455
         654        1455
         655        1455
         656        1455
         657        1455
         658        1455
         659        1455
         660        1455
         661        1455
         662        1455
         663        1455
         664        1455
         665        1455
         666        1455
         647        1456
         648        1456
         649        1456
         650        1456
         651        1456
         652        1456
         653        1456
         654        1456
         655        1456
         656        1456
         657        1456
         658        1456
         659        1456
         660        1456
         661        1456
         662        1456
         663        1456
         664        1456
         648        1457
         649        1457
         650        1457
         651        1457
         652        1457
         653        1457
         654        1457
         655        1457
         656        1457
         657        1457
         658        1457
         659        1457
         660        1457
         661        1457
         648        1458
         649        1458
         650        1458
         651        1458
         652        1458
         653        1458
         654        1458
         655        1458
         656        1458
         657        1458
         658        1458
         659        1458
         648        1459
         649        1459
         650        1459
         651        1459
         652        1459
         653        1459
         654        1459
         655        1459
         656        1459
         657        1459
         649        1460
         650        1460
         651        1460
         652        1460
         653        1460
         654        1460
         655        1460
         649        1461
         650        1461
         651        1461
         652        1461
         650        1462
