         809        1359
         807        1360
         808        1360
         809        1360
         810        1360
         804        1361
         805        1361
         806        1361
         807        1361
         808        1361
         809        1361
         810        1361
         802        1362
         803        1362
         804        1362
         805        1362
         806        1362
         807        1362
         808        1362
         809        1362
         810        1362
         811        1362
         800        1363
         801        1363
         802        1363
         803        1363
         804        1363
         805        1363
         806        1363
         807        1363
         808        1363
         809        1363
         810        1363
         811        1363
         798        1364
         799        1364
         800        1364
         801        1364
         802        1364
         803        1364
         804        1364
         805        1364
         806        1364
         807        1364
         808        1364
         809        1364
         810        1364
         811        1364
         795        1365
         796        1365
         797        1365
         798        1365
         799        1365
         800        1365
         801        1365
         802        1365
         803        1365
         804        1365
         805        1365
         806        1365
         807        1365
         808        1365
         809        1365
         810        1365
         811        1365
         812        1365
         793        1366
         794        1366
         795        1366
         796        1366
         797        1366
         798        1366
         799        1366
         800        1366
         801        1366
         802        1366
         803        1366
         804        1366
         805        1366
         806        1366
         807        1366
         808        1366
         809        1366
         810        1366
         811        1366
         812        1366
         792        1367
         793        1367
         794        1367
         795        1367
         796        1367
         797        1367
         798        1367
         799        1367
         800        1367
         801        1367
         802        1367
         803        1367
         804        1367
         805        1367
         806        1367
         807        1367
         808        1367
         809        1367
         810        1367
         811        1367
         812        1367
         813        1367
         793        1368
         794        1368
         795        1368
         796        1368
         797        1368
         798        1368
         799        1368
         800        1368
         801        1368
         802        1368
         803        1368
         804        1368
         805        1368
         806        1368
         807        1368
         808        1368
         809        1368
         810        1368
         811        1368
         812        1368
         813        1368
         793        1369
         794        1369
         795        1369
         796        1369
         797        1369
         798        1369
         799        1369
         800        1369
         801        1369
         802        1369
         803        1369
         804        1369
         805        1369
         806        1369
         807        1369
         808        1369
         809        1369
         810        1369
         811        1369
         812        1369
         813        1369
         814        1369
         794        1370
         795        1370
         796        1370
         797        1370
         798        1370
         799        1370
         800        1370
         801        1370
         802        1370
         803        1370
         804        1370
         805        1370
         806        1370
         807        1370
         808        1370
         809        1370
         810        1370
         811        1370
         812        1370
         813        1370
         814        1370
         794        1371
         795        1371
         796        1371
         797        1371
         798        1371
         799        1371
         800        1371
         801        1371
         802        1371
         803        1371
         804        1371
         805        1371
         806        1371
         807        1371
         808        1371
         809        1371
         810        1371
         811        1371
         812        1371
         813        1371
         814        1371
         815        1371
         794        1372
         795        1372
         796        1372
         797        1372
         798        1372
         799        1372
         800        1372
         801        1372
         802        1372
         803        1372
         804        1372
         805        1372
         806        1372
         807        1372
         808        1372
         809        1372
         810        1372
         811        1372
         812        1372
         813        1372
         814        1372
         815        1372
         795        1373
         796        1373
         797        1373
         798        1373
         799        1373
         800        1373
         801        1373
         802        1373
         803        1373
         804        1373
         805        1373
         806        1373
         807        1373
         808        1373
         809        1373
         810        1373
         811        1373
         812        1373
         813        1373
         814        1373
         815        1373
         795        1374
         796        1374
         797        1374
         798        1374
         799        1374
         800        1374
         801        1374
         802        1374
         803        1374
         804        1374
         805        1374
         806        1374
         807        1374
         808        1374
         809        1374
         810        1374
         811        1374
         812        1374
         813        1374
         814        1374
         815        1374
         816        1374
         796        1375
         797        1375
         798        1375
         799        1375
         800        1375
         801        1375
         802        1375
         803        1375
         804        1375
         805        1375
         806        1375
         807        1375
         808        1375
         809        1375
         810        1375
         811        1375
         812        1375
         813        1375
         814        1375
         815        1375
         816        1375
         796        1376
         797        1376
         798        1376
         799        1376
         800        1376
         801        1376
         802        1376
         803        1376
         804        1376
         805        1376
         806        1376
         807        1376
         808        1376
         809        1376
         810        1376
         811        1376
         812        1376
         813        1376
         814        1376
         815        1376
         816        1376
         817        1376
         797        1377
         798        1377
         799        1377
         800        1377
         801        1377
         802        1377
         803        1377
         804        1377
         805        1377
         806        1377
         807        1377
         808        1377
         809        1377
         810        1377
         811        1377
         812        1377
         813        1377
         814        1377
         815        1377
         816        1377
         797        1378
         798        1378
         799        1378
         800        1378
         801        1378
         802        1378
         803        1378
         804        1378
         805        1378
         806        1378
         807        1378
         808        1378
         809        1378
         810        1378
         811        1378
         812        1378
         813        1378
         814        1378
         798        1379
         799        1379
         800        1379
         801        1379
         802        1379
         803        1379
         804        1379
         805        1379
         806        1379
         807        1379
         808        1379
         809        1379
         810        1379
         811        1379
         798        1380
         799        1380
         800        1380
         801        1380
         802        1380
         803        1380
         804        1380
         805        1380
         806        1380
         807        1380
         808        1380
         809        1380
         798        1381
         799        1381
         800        1381
         801        1381
         802        1381
         803        1381
         804        1381
         805        1381
         806        1381
         807        1381
         799        1382
         800        1382
         801        1382
         802        1382
         803        1382
         804        1382
         805        1382
         799        1383
         800        1383
         801        1383
         802        1383
         800        1384
