         881        1208
         878        1209
         879        1209
         880        1209
         881        1209
         882        1209
         876        1210
         877        1210
         878        1210
         879        1210
         880        1210
         881        1210
         882        1210
         874        1211
         875        1211
         876        1211
         877        1211
         878        1211
         879        1211
         880        1211
         881        1211
         882        1211
         883        1211
         871        1212
         872        1212
         873        1212
         874        1212
         875        1212
         876        1212
         877        1212
         878        1212
         879        1212
         880        1212
         881        1212
         882        1212
         883        1212
         869        1213
         870        1213
         871        1213
         872        1213
         873        1213
         874        1213
         875        1213
         876        1213
         877        1213
         878        1213
         879        1213
         880        1213
         881        1213
         882        1213
         883        1213
         867        1214
         868        1214
         869        1214
         870        1214
         871        1214
         872        1214
         873        1214
         874        1214
         875        1214
         876        1214
         877        1214
         878        1214
         879        1214
         880        1214
         881        1214
         882        1214
         883        1214
         884        1214
         864        1215
         865        1215
         866        1215
         867        1215
         868        1215
         869        1215
         870        1215
         871        1215
         872        1215
         873        1215
         874        1215
         875        1215
         876        1215
         877        1215
         878        1215
         879        1215
         880        1215
         881        1215
         882        1215
         883        1215
         884        1215
         863        1216
         864        1216
         865        1216
         866        1216
         867        1216
         868        1216
         869        1216
         870        1216
         871        1216
         872        1216
         873        1216
         874        1216
         875        1216
         876        1216
         877        1216
         878        1216
         879        1216
         880        1216
         881        1216
         882        1216
         883        1216
         884        1216
         885        1216
         864        1217
         865        1217
         866        1217
         867        1217
         868        1217
         869        1217
         870        1217
         871        1217
         872        1217
         873        1217
         874        1217
         875        1217
         876        1217
         877        1217
         878        1217
         879        1217
         880        1217
         881        1217
         882        1217
         883        1217
         884        1217
         885        1217
         864        1218
         865        1218
         866        1218
         867        1218
         868        1218
         869        1218
         870        1218
         871        1218
         872        1218
         873        1218
         874        1218
         875        1218
         876        1218
         877        1218
         878        1218
         879        1218
         880        1218
         881        1218
         882        1218
         883        1218
         884        1218
         885        1218
         886        1218
         865        1219
         866        1219
         867        1219
         868        1219
         869        1219
         870        1219
         871        1219
         872        1219
         873        1219
         874        1219
         875        1219
         876        1219
         877        1219
         878        1219
         879        1219
         880        1219
         881        1219
         882        1219
         883        1219
         884        1219
         885        1219
         886        1219
         865        1220
         866        1220
         867        1220
         868        1220
         869        1220
         870        1220
         871        1220
         872        1220
         873        1220
         874        1220
         875        1220
         876        1220
         877        1220
         878        1220
         879        1220
         880        1220
         881        1220
         882        1220
         883        1220
         884        1220
         885        1220
         886        1220
         887        1220
         866        1221
         867        1221
         868        1221
         869        1221
         870        1221
         871        1221
         872        1221
         873        1221
         874        1221
         875        1221
         876        1221
         877        1221
         878        1221
         879        1221
         880        1221
         881        1221
         882        1221
         883        1221
         884        1221
         885        1221
         886        1221
         887        1221
         866        1222
         867        1222
         868        1222
         869        1222
         870        1222
         871        1222
         872        1222
         873        1222
         874        1222
         875        1222
         876        1222
         877        1222
         878        1222
         879        1222
         880        1222
         881        1222
         882        1222
         883        1222
         884        1222
         885        1222
         886        1222
         887        1222
         867        1223
         868        1223
         869        1223
         870        1223
         871        1223
         872        1223
         873        1223
         874        1223
         875        1223
         876        1223
         877        1223
         878        1223
         879        1223
         880        1223
         881        1223
         882        1223
         883        1223
         884        1223
         885        1223
         886        1223
         887        1223
         888        1223
         867        1224
         868        1224
         869        1224
         870        1224
         871        1224
         872        1224
         873        1224
         874        1224
         875        1224
         876        1224
         877        1224
         878        1224
         879        1224
         880        1224
         881        1224
         882        1224
         883        1224
         884        1224
         885        1224
         886        1224
         887        1224
         888        1224
         868        1225
         869        1225
         870        1225
         871        1225
         872        1225
         873        1225
         874        1225
         875        1225
         876        1225
         877        1225
         878        1225
         879        1225
         880        1225
         881        1225
         882        1225
         883        1225
         884        1225
         885        1225
         886        1225
         887        1225
         888        1225
         889        1225
         868        1226
         869        1226
         870        1226
         871        1226
         872        1226
         873        1226
         874        1226
         875        1226
         876        1226
         877        1226
         878        1226
         879        1226
         880        1226
         881        1226
         882        1226
         883        1226
         884        1226
         885        1226
         886        1226
         887        1226
         888        1226
         869        1227
         870        1227
         871        1227
         872        1227
         873        1227
         874        1227
         875        1227
         876        1227
         877        1227
         878        1227
         879        1227
         880        1227
         881        1227
         882        1227
         883        1227
         884        1227
         885        1227
         886        1227
         869        1228
         870        1228
         871        1228
         872        1228
         873        1228
         874        1228
         875        1228
         876        1228
         877        1228
         878        1228
         879        1228
         880        1228
         881        1228
         882        1228
         883        1228
         870        1229
         871        1229
         872        1229
         873        1229
         874        1229
         875        1229
         876        1229
         877        1229
         878        1229
         879        1229
         880        1229
         881        1229
         870        1230
         871        1230
         872        1230
         873        1230
         874        1230
         875        1230
         876        1230
         877        1230
         878        1230
         879        1230
         871        1231
         872        1231
         873        1231
         874        1231
         875        1231
         876        1231
         877        1231
         871        1232
         872        1232
         873        1232
         874        1232
         872        1233
