         930        1601
         928        1602
         929        1602
         930        1602
         931        1602
         926        1603
         927        1603
         928        1603
         929        1603
         930        1603
         931        1603
         924        1604
         925        1604
         926        1604
         927        1604
         928        1604
         929        1604
         930        1604
         931        1604
         932        1604
         922        1605
         923        1605
         924        1605
         925        1605
         926        1605
         927        1605
         928        1605
         929        1605
         930        1605
         931        1605
         932        1605
         920        1606
         921        1606
         922        1606
         923        1606
         924        1606
         925        1606
         926        1606
         927        1606
         928        1606
         929        1606
         930        1606
         931        1606
         932        1606
         933        1606
         918        1607
         919        1607
         920        1607
         921        1607
         922        1607
         923        1607
         924        1607
         925        1607
         926        1607
         927        1607
         928        1607
         929        1607
         930        1607
         931        1607
         932        1607
         933        1607
         916        1608
         917        1608
         918        1608
         919        1608
         920        1608
         921        1608
         922        1608
         923        1608
         924        1608
         925        1608
         926        1608
         927        1608
         928        1608
         929        1608
         930        1608
         931        1608
         932        1608
         933        1608
         934        1608
         914        1609
         915        1609
         916        1609
         917        1609
         918        1609
         919        1609
         920        1609
         921        1609
         922        1609
         923        1609
         924        1609
         925        1609
         926        1609
         927        1609
         928        1609
         929        1609
         930        1609
         931        1609
         932        1609
         933        1609
         934        1609
         913        1610
         914        1610
         915        1610
         916        1610
         917        1610
         918        1610
         919        1610
         920        1610
         921        1610
         922        1610
         923        1610
         924        1610
         925        1610
         926        1610
         927        1610
         928        1610
         929        1610
         930        1610
         931        1610
         932        1610
         933        1610
         934        1610
         935        1610
         914        1611
         915        1611
         916        1611
         917        1611
         918        1611
         919        1611
         920        1611
         921        1611
         922        1611
         923        1611
         924        1611
         925        1611
         926        1611
         927        1611
         928        1611
         929        1611
         930        1611
         931        1611
         932        1611
         933        1611
         934        1611
         935        1611
         914        1612
         915        1612
         916        1612
         917        1612
         918        1612
         919        1612
         920        1612
         921        1612
         922        1612
         923        1612
         924        1612
         925        1612
         926        1612
         927        1612
         928        1612
         929        1612
         930        1612
         931        1612
         932        1612
         933        1612
         934        1612
         935        1612
         915        1613
         916        1613
         917        1613
         918        1613
         919        1613
         920        1613
         921        1613
         922        1613
         923        1613
         924        1613
         925        1613
         926        1613
         927        1613
         928        1613
         929        1613
         930        1613
         931        1613
         932        1613
         933        1613
         934        1613
         935        1613
         936        1613
         915        1614
         916        1614
         917        1614
         918        1614
         919        1614
         920        1614
         921        1614
         922        1614
         923        1614
         924        1614
         925        1614
         926        1614
         927        1614
         928        1614
         929        1614
         930        1614
         931        1614
         932        1614
         933        1614
         934        1614
         935        1614
         936        1614
         915        1615
         916        1615
         917        1615
         918        1615
         919        1615
         920        1615
         921        1615
         922        1615
         923        1615
         924        1615
         925        1615
         926        1615
         927        1615
         928        1615
         929        1615
         930        1615
         931        1615
         932        1615
         933        1615
         934        1615
         935        1615
         936        1615
         937        1615
         916        1616
         917        1616
         918        1616
         919        1616
         920        1616
         921        1616
         922        1616
         923        1616
         924        1616
         925        1616
         926        1616
         927        1616
         928        1616
         929        1616
         930        1616
         931        1616
         932        1616
         933        1616
         934        1616
         935        1616
         936        1616
         937        1616
         916        1617
         917        1617
         918        1617
         919        1617
         920        1617
         921        1617
         922        1617
         923        1617
         924        1617
         925        1617
         926        1617
         927        1617
         928        1617
         929        1617
         930        1617
         931        1617
         932        1617
         933        1617
         934        1617
         935        1617
         936        1617
         937        1617
         938        1617
         917        1618
         918        1618
         919        1618
         920        1618
         921        1618
         922        1618
         923        1618
         924        1618
         925        1618
         926        1618
         927        1618
         928        1618
         929        1618
         930        1618
         931        1618
         932        1618
         933        1618
         934        1618
         935        1618
         936        1618
         937        1618
         938        1618
         917        1619
         918        1619
         919        1619
         920        1619
         921        1619
         922        1619
         923        1619
         924        1619
         925        1619
         926        1619
         927        1619
         928        1619
         929        1619
         930        1619
         931        1619
         932        1619
         933        1619
         934        1619
         935        1619
         936        1619
         937        1619
         938        1619
         939        1619
         918        1620
         919        1620
         920        1620
         921        1620
         922        1620
         923        1620
         924        1620
         925        1620
         926        1620
         927        1620
         928        1620
         929        1620
         930        1620
         931        1620
         932        1620
         933        1620
         934        1620
         935        1620
         936        1620
         937        1620
         938        1620
         918        1621
         919        1621
         920        1621
         921        1621
         922        1621
         923        1621
         924        1621
         925        1621
         926        1621
         927        1621
         928        1621
         929        1621
         930        1621
         931        1621
         932        1621
         933        1621
         934        1621
         935        1621
         919        1622
         920        1622
         921        1622
         922        1622
         923        1622
         924        1622
         925        1622
         926        1622
         927        1622
         928        1622
         929        1622
         930        1622
         931        1622
         932        1622
         933        1622
         919        1623
         920        1623
         921        1623
         922        1623
         923        1623
         924        1623
         925        1623
         926        1623
         927        1623
         928        1623
         929        1623
         930        1623
         931        1623
         919        1624
         920        1624
         921        1624
         922        1624
         923        1624
         924        1624
         925        1624
         926        1624
         927        1624
         928        1624
         920        1625
         921        1625
         922        1625
         923        1625
         924        1625
         925        1625
         926        1625
         920        1626
         921        1626
         922        1626
         923        1626
         924        1626
         921        1627
