         774        1277
         771        1278
         772        1278
         773        1278
         774        1278
         775        1278
         769        1279
         770        1279
         771        1279
         772        1279
         773        1279
         774        1279
         775        1279
         767        1280
         768        1280
         769        1280
         770        1280
         771        1280
         772        1280
         773        1280
         774        1280
         775        1280
         776        1280
         764        1281
         765        1281
         766        1281
         767        1281
         768        1281
         769        1281
         770        1281
         771        1281
         772        1281
         773        1281
         774        1281
         775        1281
         776        1281
         762        1282
         763        1282
         764        1282
         765        1282
         766        1282
         767        1282
         768        1282
         769        1282
         770        1282
         771        1282
         772        1282
         773        1282
         774        1282
         775        1282
         776        1282
         760        1283
         761        1283
         762        1283
         763        1283
         764        1283
         765        1283
         766        1283
         767        1283
         768        1283
         769        1283
         770        1283
         771        1283
         772        1283
         773        1283
         774        1283
         775        1283
         776        1283
         777        1283
         757        1284
         758        1284
         759        1284
         760        1284
         761        1284
         762        1284
         763        1284
         764        1284
         765        1284
         766        1284
         767        1284
         768        1284
         769        1284
         770        1284
         771        1284
         772        1284
         773        1284
         774        1284
         775        1284
         776        1284
         777        1284
         756        1285
         757        1285
         758        1285
         759        1285
         760        1285
         761        1285
         762        1285
         763        1285
         764        1285
         765        1285
         766        1285
         767        1285
         768        1285
         769        1285
         770        1285
         771        1285
         772        1285
         773        1285
         774        1285
         775        1285
         776        1285
         777        1285
         778        1285
         757        1286
         758        1286
         759        1286
         760        1286
         761        1286
         762        1286
         763        1286
         764        1286
         765        1286
         766        1286
         767        1286
         768        1286
         769        1286
         770        1286
         771        1286
         772        1286
         773        1286
         774        1286
         775        1286
         776        1286
         777        1286
         778        1286
         757        1287
         758        1287
         759        1287
         760        1287
         761        1287
         762        1287
         763        1287
         764        1287
         765        1287
         766        1287
         767        1287
         768        1287
         769        1287
         770        1287
         771        1287
         772        1287
         773        1287
         774        1287
         775        1287
         776        1287
         777        1287
         778        1287
         779        1287
         758        1288
         759        1288
         760        1288
         761        1288
         762        1288
         763        1288
         764        1288
         765        1288
         766        1288
         767        1288
         768        1288
         769        1288
         770        1288
         771        1288
         772        1288
         773        1288
         774        1288
         775        1288
         776        1288
         777        1288
         778        1288
         779        1288
         758        1289
         759        1289
         760        1289
         761        1289
         762        1289
         763        1289
         764        1289
         765        1289
         766        1289
         767        1289
         768        1289
         769        1289
         770        1289
         771        1289
         772        1289
         773        1289
         774        1289
         775        1289
         776        1289
         777        1289
         778        1289
         779        1289
         780        1289
         759        1290
         760        1290
         761        1290
         762        1290
         763        1290
         764        1290
         765        1290
         766        1290
         767        1290
         768        1290
         769        1290
         770        1290
         771        1290
         772        1290
         773        1290
         774        1290
         775        1290
         776        1290
         777        1290
         778        1290
         779        1290
         780        1290
         759        1291
         760        1291
         761        1291
         762        1291
         763        1291
         764        1291
         765        1291
         766        1291
         767        1291
         768        1291
         769        1291
         770        1291
         771        1291
         772        1291
         773        1291
         774        1291
         775        1291
         776        1291
         777        1291
         778        1291
         779        1291
         780        1291
         760        1292
         761        1292
         762        1292
         763        1292
         764        1292
         765        1292
         766        1292
         767        1292
         768        1292
         769        1292
         770        1292
         771        1292
         772        1292
         773        1292
         774        1292
         775        1292
         776        1292
         777        1292
         778        1292
         779        1292
         780        1292
         781        1292
         760        1293
         761        1293
         762        1293
         763        1293
         764        1293
         765        1293
         766        1293
         767        1293
         768        1293
         769        1293
         770        1293
         771        1293
         772        1293
         773        1293
         774        1293
         775        1293
         776        1293
         777        1293
         778        1293
         779        1293
         780        1293
         781        1293
         761        1294
         762        1294
         763        1294
         764        1294
         765        1294
         766        1294
         767        1294
         768        1294
         769        1294
         770        1294
         771        1294
         772        1294
         773        1294
         774        1294
         775        1294
         776        1294
         777        1294
         778        1294
         779        1294
         780        1294
         781        1294
         782        1294
         761        1295
         762        1295
         763        1295
         764        1295
         765        1295
         766        1295
         767        1295
         768        1295
         769        1295
         770        1295
         771        1295
         772        1295
         773        1295
         774        1295
         775        1295
         776        1295
         777        1295
         778        1295
         779        1295
         780        1295
         781        1295
         762        1296
         763        1296
         764        1296
         765        1296
         766        1296
         767        1296
         768        1296
         769        1296
         770        1296
         771        1296
         772        1296
         773        1296
         774        1296
         775        1296
         776        1296
         777        1296
         778        1296
         779        1296
         762        1297
         763        1297
         764        1297
         765        1297
         766        1297
         767        1297
         768        1297
         769        1297
         770        1297
         771        1297
         772        1297
         773        1297
         774        1297
         775        1297
         776        1297
         763        1298
         764        1298
         765        1298
         766        1298
         767        1298
         768        1298
         769        1298
         770        1298
         771        1298
         772        1298
         773        1298
         774        1298
         763        1299
         764        1299
         765        1299
         766        1299
         767        1299
         768        1299
         769        1299
         770        1299
         771        1299
         772        1299
         764        1300
         765        1300
         766        1300
         767        1300
         768        1300
         769        1300
         770        1300
         764        1301
         765        1301
         766        1301
         767        1301
         765        1302
