         874        1309
         872        1310
         873        1310
         874        1310
         875        1310
         869        1311
         870        1311
         871        1311
         872        1311
         873        1311
         874        1311
         875        1311
         867        1312
         868        1312
         869        1312
         870        1312
         871        1312
         872        1312
         873        1312
         874        1312
         875        1312
         876        1312
         865        1313
         866        1313
         867        1313
         868        1313
         869        1313
         870        1313
         871        1313
         872        1313
         873        1313
         874        1313
         875        1313
         876        1313
         863        1314
         864        1314
         865        1314
         866        1314
         867        1314
         868        1314
         869        1314
         870        1314
         871        1314
         872        1314
         873        1314
         874        1314
         875        1314
         876        1314
         860        1315
         861        1315
         862        1315
         863        1315
         864        1315
         865        1315
         866        1315
         867        1315
         868        1315
         869        1315
         870        1315
         871        1315
         872        1315
         873        1315
         874        1315
         875        1315
         876        1315
         877        1315
         858        1316
         859        1316
         860        1316
         861        1316
         862        1316
         863        1316
         864        1316
         865        1316
         866        1316
         867        1316
         868        1316
         869        1316
         870        1316
         871        1316
         872        1316
         873        1316
         874        1316
         875        1316
         876        1316
         877        1316
         857        1317
         858        1317
         859        1317
         860        1317
         861        1317
         862        1317
         863        1317
         864        1317
         865        1317
         866        1317
         867        1317
         868        1317
         869        1317
         870        1317
         871        1317
         872        1317
         873        1317
         874        1317
         875        1317
         876        1317
         877        1317
         878        1317
         858        1318
         859        1318
         860        1318
         861        1318
         862        1318
         863        1318
         864        1318
         865        1318
         866        1318
         867        1318
         868        1318
         869        1318
         870        1318
         871        1318
         872        1318
         873        1318
         874        1318
         875        1318
         876        1318
         877        1318
         878        1318
         858        1319
         859        1319
         860        1319
         861        1319
         862        1319
         863        1319
         864        1319
         865        1319
         866        1319
         867        1319
         868        1319
         869        1319
         870        1319
         871        1319
         872        1319
         873        1319
         874        1319
         875        1319
         876        1319
         877        1319
         878        1319
         879        1319
         859        1320
         860        1320
         861        1320
         862        1320
         863        1320
         864        1320
         865        1320
         866        1320
         867        1320
         868        1320
         869        1320
         870        1320
         871        1320
         872        1320
         873        1320
         874        1320
         875        1320
         876        1320
         877        1320
         878        1320
         879        1320
         859        1321
         860        1321
         861        1321
         862        1321
         863        1321
         864        1321
         865        1321
         866        1321
         867        1321
         868        1321
         869        1321
         870        1321
         871        1321
         872        1321
         873        1321
         874        1321
         875        1321
         876        1321
         877        1321
         878        1321
         879        1321
         880        1321
         859        1322
         860        1322
         861        1322
         862        1322
         863        1322
         864        1322
         865        1322
         866        1322
         867        1322
         868        1322
         869        1322
         870        1322
         871        1322
         872        1322
         873        1322
         874        1322
         875        1322
         876        1322
         877        1322
         878        1322
         879        1322
         880        1322
         860        1323
         861        1323
         862        1323
         863        1323
         864        1323
         865        1323
         866        1323
         867        1323
         868        1323
         869        1323
         870        1323
         871        1323
         872        1323
         873        1323
         874        1323
         875        1323
         876        1323
         877        1323
         878        1323
         879        1323
         880        1323
         860        1324
         861        1324
         862        1324
         863        1324
         864        1324
         865        1324
         866        1324
         867        1324
         868        1324
         869        1324
         870        1324
         871        1324
         872        1324
         873        1324
         874        1324
         875        1324
         876        1324
         877        1324
         878        1324
         879        1324
         880        1324
         881        1324
         861        1325
         862        1325
         863        1325
         864        1325
         865        1325
         866        1325
         867        1325
         868        1325
         869        1325
         870        1325
         871        1325
         872        1325
         873        1325
         874        1325
         875        1325
         876        1325
         877        1325
         878        1325
         879        1325
         880        1325
         881        1325
         861        1326
         862        1326
         863        1326
         864        1326
         865        1326
         866        1326
         867        1326
         868        1326
         869        1326
         870        1326
         871        1326
         872        1326
         873        1326
         874        1326
         875        1326
         876        1326
         877        1326
         878        1326
         879        1326
         880        1326
         881        1326
         882        1326
         862        1327
         863        1327
         864        1327
         865        1327
         866        1327
         867        1327
         868        1327
         869        1327
         870        1327
         871        1327
         872        1327
         873        1327
         874        1327
         875        1327
         876        1327
         877        1327
         878        1327
         879        1327
         880        1327
         881        1327
         862        1328
         863        1328
         864        1328
         865        1328
         866        1328
         867        1328
         868        1328
         869        1328
         870        1328
         871        1328
         872        1328
         873        1328
         874        1328
         875        1328
         876        1328
         877        1328
         878        1328
         879        1328
         863        1329
         864        1329
         865        1329
         866        1329
         867        1329
         868        1329
         869        1329
         870        1329
         871        1329
         872        1329
         873        1329
         874        1329
         875        1329
         876        1329
         863        1330
         864        1330
         865        1330
         866        1330
         867        1330
         868        1330
         869        1330
         870        1330
         871        1330
         872        1330
         873        1330
         874        1330
         863        1331
         864        1331
         865        1331
         866        1331
         867        1331
         868        1331
         869        1331
         870        1331
         871        1331
         872        1331
         864        1332
         865        1332
         866        1332
         867        1332
         868        1332
         869        1332
         870        1332
         864        1333
         865        1333
         866        1333
         867        1333
         865        1334
