         669        1410
         667        1411
         668        1411
         669        1411
         670        1411
         664        1412
         665        1412
         666        1412
         667        1412
         668        1412
         669        1412
         670        1412
         662        1413
         663        1413
         664        1413
         665        1413
         666        1413
         667        1413
         668        1413
         669        1413
         670        1413
         660        1414
         661        1414
         662        1414
         663        1414
         664        1414
         665        1414
         666        1414
         667        1414
         668        1414
         669        1414
         670        1414
         671        1414
         658        1415
         659        1415
         660        1415
         661        1415
         662        1415
         663        1415
         664        1415
         665        1415
         666        1415
         667        1415
         668        1415
         669        1415
         670        1415
         671        1415
         655        1416
         656        1416
         657        1416
         658        1416
         659        1416
         660        1416
         661        1416
         662        1416
         663        1416
         664        1416
         665        1416
         666        1416
         667        1416
         668        1416
         669        1416
         670        1416
         671        1416
         672        1416
         653        1417
         654        1417
         655        1417
         656        1417
         657        1417
         658        1417
         659        1417
         660        1417
         661        1417
         662        1417
         663        1417
         664        1417
         665        1417
         666        1417
         667        1417
         668        1417
         669        1417
         670        1417
         671        1417
         672        1417
         652        1418
         653        1418
         654        1418
         655        1418
         656        1418
         657        1418
         658        1418
         659        1418
         660        1418
         661        1418
         662        1418
         663        1418
         664        1418
         665        1418
         666        1418
         667        1418
         668        1418
         669        1418
         670        1418
         671        1418
         672        1418
         673        1418
         653        1419
         654        1419
         655        1419
         656        1419
         657        1419
         658        1419
         659        1419
         660        1419
         661        1419
         662        1419
         663        1419
         664        1419
         665        1419
         666        1419
         667        1419
         668        1419
         669        1419
         670        1419
         671        1419
         672        1419
         673        1419
         653        1420
         654        1420
         655        1420
         656        1420
         657        1420
         658        1420
         659        1420
         660        1420
         661        1420
         662        1420
         663        1420
         664        1420
         665        1420
         666        1420
         667        1420
         668        1420
         669        1420
         670        1420
         671        1420
         672        1420
         673        1420
         653        1421
         654        1421
         655        1421
         656        1421
         657        1421
         658        1421
         659        1421
         660        1421
         661        1421
         662        1421
         663        1421
         664        1421
         665        1421
         666        1421
         667        1421
         668        1421
         669        1421
         670        1421
         671        1421
         672        1421
         673        1421
         674        1421
         654        1422
         655        1422
         656        1422
         657        1422
         658        1422
         659        1422
         660        1422
         661        1422
         662        1422
         663        1422
         664        1422
         665        1422
         666        1422
         667        1422
         668        1422
         669        1422
         670        1422
         671        1422
         672        1422
         673        1422
         674        1422
         654        1423
         655        1423
         656        1423
         657        1423
         658        1423
         659        1423
         660        1423
         661        1423
         662        1423
         663        1423
         664        1423
         665        1423
         666        1423
         667        1423
         668        1423
         669        1423
         670        1423
         671        1423
         672        1423
         673        1423
         674        1423
         675        1423
         655        1424
         656        1424
         657        1424
         658        1424
         659        1424
         660        1424
         661        1424
         662        1424
         663        1424
         664        1424
         665        1424
         666        1424
         667        1424
         668        1424
         669        1424
         670        1424
         671        1424
         672        1424
         673        1424
         674        1424
         675        1424
         655        1425
         656        1425
         657        1425
         658        1425
         659        1425
         660        1425
         661        1425
         662        1425
         663        1425
         664        1425
         665        1425
         666        1425
         667        1425
         668        1425
         669        1425
         670        1425
         671        1425
         672        1425
         673        1425
         674        1425
         675        1425
         676        1425
         656        1426
         657        1426
         658        1426
         659        1426
         660        1426
         661        1426
         662        1426
         663        1426
         664        1426
         665        1426
         666        1426
         667        1426
         668        1426
         669        1426
         670        1426
         671        1426
         672        1426
         673        1426
         674        1426
         675        1426
         676        1426
         656        1427
         657        1427
         658        1427
         659        1427
         660        1427
         661        1427
         662        1427
         663        1427
         664        1427
         665        1427
         666        1427
         667        1427
         668        1427
         669        1427
         670        1427
         671        1427
         672        1427
         673        1427
         674        1427
         675        1427
         676        1427
         656        1428
         657        1428
         658        1428
         659        1428
         660        1428
         661        1428
         662        1428
         663        1428
         664        1428
         665        1428
         666        1428
         667        1428
         668        1428
         669        1428
         670        1428
         671        1428
         672        1428
         673        1428
         674        1428
         675        1428
         676        1428
         677        1428
         657        1429
         658        1429
         659        1429
         660        1429
         661        1429
         662        1429
         663        1429
         664        1429
         665        1429
         666        1429
         667        1429
         668        1429
         669        1429
         670        1429
         671        1429
         672        1429
         673        1429
         674        1429
         675        1429
         676        1429
         657        1430
         658        1430
         659        1430
         660        1430
         661        1430
         662        1430
         663        1430
         664        1430
         665        1430
         666        1430
         667        1430
         668        1430
         669        1430
         670        1430
         671        1430
         672        1430
         673        1430
         674        1430
         658        1431
         659        1431
         660        1431
         661        1431
         662        1431
         663        1431
         664        1431
         665        1431
         666        1431
         667        1431
         668        1431
         669        1431
         670        1431
         671        1431
         658        1432
         659        1432
         660        1432
         661        1432
         662        1432
         663        1432
         664        1432
         665        1432
         666        1432
         667        1432
         668        1432
         669        1432
         659        1433
         660        1433
         661        1433
         662        1433
         663        1433
         664        1433
         665        1433
         666        1433
         667        1433
         659        1434
         660        1434
         661        1434
         662        1434
         663        1434
         664        1434
         665        1434
         659        1435
         660        1435
         661        1435
         662        1435
         660        1436
