         820        1332
         817        1333
         818        1333
         819        1333
         820        1333
         821        1333
         815        1334
         816        1334
         817        1334
         818        1334
         819        1334
         820        1334
         821        1334
         813        1335
         814        1335
         815        1335
         816        1335
         817        1335
         818        1335
         819        1335
         820        1335
         821        1335
         810        1336
         811        1336
         812        1336
         813        1336
         814        1336
         815        1336
         816        1336
         817        1336
         818        1336
         819        1336
         820        1336
         821        1336
         822        1336
         808        1337
         809        1337
         810        1337
         811        1337
         812        1337
         813        1337
         814        1337
         815        1337
         816        1337
         817        1337
         818        1337
         819        1337
         820        1337
         821        1337
         822        1337
         806        1338
         807        1338
         808        1338
         809        1338
         810        1338
         811        1338
         812        1338
         813        1338
         814        1338
         815        1338
         816        1338
         817        1338
         818        1338
         819        1338
         820        1338
         821        1338
         822        1338
         823        1338
         803        1339
         804        1339
         805        1339
         806        1339
         807        1339
         808        1339
         809        1339
         810        1339
         811        1339
         812        1339
         813        1339
         814        1339
         815        1339
         816        1339
         817        1339
         818        1339
         819        1339
         820        1339
         821        1339
         822        1339
         823        1339
         802        1340
         803        1340
         804        1340
         805        1340
         806        1340
         807        1340
         808        1340
         809        1340
         810        1340
         811        1340
         812        1340
         813        1340
         814        1340
         815        1340
         816        1340
         817        1340
         818        1340
         819        1340
         820        1340
         821        1340
         822        1340
         823        1340
         824        1340
         803        1341
         804        1341
         805        1341
         806        1341
         807        1341
         808        1341
         809        1341
         810        1341
         811        1341
         812        1341
         813        1341
         814        1341
         815        1341
         816        1341
         817        1341
         818        1341
         819        1341
         820        1341
         821        1341
         822        1341
         823        1341
         824        1341
         803        1342
         804        1342
         805        1342
         806        1342
         807        1342
         808        1342
         809        1342
         810        1342
         811        1342
         812        1342
         813        1342
         814        1342
         815        1342
         816        1342
         817        1342
         818        1342
         819        1342
         820        1342
         821        1342
         822        1342
         823        1342
         824        1342
         803        1343
         804        1343
         805        1343
         806        1343
         807        1343
         808        1343
         809        1343
         810        1343
         811        1343
         812        1343
         813        1343
         814        1343
         815        1343
         816        1343
         817        1343
         818        1343
         819        1343
         820        1343
         821        1343
         822        1343
         823        1343
         824        1343
         825        1343
         804        1344
         805        1344
         806        1344
         807        1344
         808        1344
         809        1344
         810        1344
         811        1344
         812        1344
         813        1344
         814        1344
         815        1344
         816        1344
         817        1344
         818        1344
         819        1344
         820        1344
         821        1344
         822        1344
         823        1344
         824        1344
         825        1344
         804        1345
         805        1345
         806        1345
         807        1345
         808        1345
         809        1345
         810        1345
         811        1345
         812        1345
         813        1345
         814        1345
         815        1345
         816        1345
         817        1345
         818        1345
         819        1345
         820        1345
         821        1345
         822        1345
         823        1345
         824        1345
         825        1345
         826        1345
         805        1346
         806        1346
         807        1346
         808        1346
         809        1346
         810        1346
         811        1346
         812        1346
         813        1346
         814        1346
         815        1346
         816        1346
         817        1346
         818        1346
         819        1346
         820        1346
         821        1346
         822        1346
         823        1346
         824        1346
         825        1346
         826        1346
         805        1347
         806        1347
         807        1347
         808        1347
         809        1347
         810        1347
         811        1347
         812        1347
         813        1347
         814        1347
         815        1347
         816        1347
         817        1347
         818        1347
         819        1347
         820        1347
         821        1347
         822        1347
         823        1347
         824        1347
         825        1347
         826        1347
         827        1347
         806        1348
         807        1348
         808        1348
         809        1348
         810        1348
         811        1348
         812        1348
         813        1348
         814        1348
         815        1348
         816        1348
         817        1348
         818        1348
         819        1348
         820        1348
         821        1348
         822        1348
         823        1348
         824        1348
         825        1348
         826        1348
         827        1348
         806        1349
         807        1349
         808        1349
         809        1349
         810        1349
         811        1349
         812        1349
         813        1349
         814        1349
         815        1349
         816        1349
         817        1349
         818        1349
         819        1349
         820        1349
         821        1349
         822        1349
         823        1349
         824        1349
         825        1349
         826        1349
         827        1349
         806        1350
         807        1350
         808        1350
         809        1350
         810        1350
         811        1350
         812        1350
         813        1350
         814        1350
         815        1350
         816        1350
         817        1350
         818        1350
         819        1350
         820        1350
         821        1350
         822        1350
         823        1350
         824        1350
         825        1350
         826        1350
         827        1350
         828        1350
         807        1351
         808        1351
         809        1351
         810        1351
         811        1351
         812        1351
         813        1351
         814        1351
         815        1351
         816        1351
         817        1351
         818        1351
         819        1351
         820        1351
         821        1351
         822        1351
         823        1351
         824        1351
         825        1351
         826        1351
         827        1351
         807        1352
         808        1352
         809        1352
         810        1352
         811        1352
         812        1352
         813        1352
         814        1352
         815        1352
         816        1352
         817        1352
         818        1352
         819        1352
         820        1352
         821        1352
         822        1352
         823        1352
         824        1352
         808        1353
         809        1353
         810        1353
         811        1353
         812        1353
         813        1353
         814        1353
         815        1353
         816        1353
         817        1353
         818        1353
         819        1353
         820        1353
         821        1353
         822        1353
         808        1354
         809        1354
         810        1354
         811        1354
         812        1354
         813        1354
         814        1354
         815        1354
         816        1354
         817        1354
         818        1354
         819        1354
         820        1354
         809        1355
         810        1355
         811        1355
         812        1355
         813        1355
         814        1355
         815        1355
         816        1355
         817        1355
         809        1356
         810        1356
         811        1356
         812        1356
         813        1356
         814        1356
         815        1356
         809        1357
         810        1357
         811        1357
         812        1357
         813        1357
         810        1358
