         856        1317
         854        1318
         855        1318
         856        1318
         857        1318
         851        1319
         852        1319
         853        1319
         854        1319
         855        1319
         856        1319
         857        1319
         849        1320
         850        1320
         851        1320
         852        1320
         853        1320
         854        1320
         855        1320
         856        1320
         857        1320
         858        1320
         847        1321
         848        1321
         849        1321
         850        1321
         851        1321
         852        1321
         853        1321
         854        1321
         855        1321
         856        1321
         857        1321
         858        1321
         845        1322
         846        1322
         847        1322
         848        1322
         849        1322
         850        1322
         851        1322
         852        1322
         853        1322
         854        1322
         855        1322
         856        1322
         857        1322
         858        1322
         842        1323
         843        1323
         844        1323
         845        1323
         846        1323
         847        1323
         848        1323
         849        1323
         850        1323
         851        1323
         852        1323
         853        1323
         854        1323
         855        1323
         856        1323
         857        1323
         858        1323
         859        1323
         840        1324
         841        1324
         842        1324
         843        1324
         844        1324
         845        1324
         846        1324
         847        1324
         848        1324
         849        1324
         850        1324
         851        1324
         852        1324
         853        1324
         854        1324
         855        1324
         856        1324
         857        1324
         858        1324
         859        1324
         839        1325
         840        1325
         841        1325
         842        1325
         843        1325
         844        1325
         845        1325
         846        1325
         847        1325
         848        1325
         849        1325
         850        1325
         851        1325
         852        1325
         853        1325
         854        1325
         855        1325
         856        1325
         857        1325
         858        1325
         859        1325
         860        1325
         840        1326
         841        1326
         842        1326
         843        1326
         844        1326
         845        1326
         846        1326
         847        1326
         848        1326
         849        1326
         850        1326
         851        1326
         852        1326
         853        1326
         854        1326
         855        1326
         856        1326
         857        1326
         858        1326
         859        1326
         860        1326
         840        1327
         841        1327
         842        1327
         843        1327
         844        1327
         845        1327
         846        1327
         847        1327
         848        1327
         849        1327
         850        1327
         851        1327
         852        1327
         853        1327
         854        1327
         855        1327
         856        1327
         857        1327
         858        1327
         859        1327
         860        1327
         861        1327
         841        1328
         842        1328
         843        1328
         844        1328
         845        1328
         846        1328
         847        1328
         848        1328
         849        1328
         850        1328
         851        1328
         852        1328
         853        1328
         854        1328
         855        1328
         856        1328
         857        1328
         858        1328
         859        1328
         860        1328
         861        1328
         841        1329
         842        1329
         843        1329
         844        1329
         845        1329
         846        1329
         847        1329
         848        1329
         849        1329
         850        1329
         851        1329
         852        1329
         853        1329
         854        1329
         855        1329
         856        1329
         857        1329
         858        1329
         859        1329
         860        1329
         861        1329
         862        1329
         841        1330
         842        1330
         843        1330
         844        1330
         845        1330
         846        1330
         847        1330
         848        1330
         849        1330
         850        1330
         851        1330
         852        1330
         853        1330
         854        1330
         855        1330
         856        1330
         857        1330
         858        1330
         859        1330
         860        1330
         861        1330
         862        1330
         842        1331
         843        1331
         844        1331
         845        1331
         846        1331
         847        1331
         848        1331
         849        1331
         850        1331
         851        1331
         852        1331
         853        1331
         854        1331
         855        1331
         856        1331
         857        1331
         858        1331
         859        1331
         860        1331
         861        1331
         862        1331
         842        1332
         843        1332
         844        1332
         845        1332
         846        1332
         847        1332
         848        1332
         849        1332
         850        1332
         851        1332
         852        1332
         853        1332
         854        1332
         855        1332
         856        1332
         857        1332
         858        1332
         859        1332
         860        1332
         861        1332
         862        1332
         863        1332
         843        1333
         844        1333
         845        1333
         846        1333
         847        1333
         848        1333
         849        1333
         850        1333
         851        1333
         852        1333
         853        1333
         854        1333
         855        1333
         856        1333
         857        1333
         858        1333
         859        1333
         860        1333
         861        1333
         862        1333
         863        1333
         843        1334
         844        1334
         845        1334
         846        1334
         847        1334
         848        1334
         849        1334
         850        1334
         851        1334
         852        1334
         853        1334
         854        1334
         855        1334
         856        1334
         857        1334
         858        1334
         859        1334
         860        1334
         861        1334
         862        1334
         863        1334
         864        1334
         844        1335
         845        1335
         846        1335
         847        1335
         848        1335
         849        1335
         850        1335
         851        1335
         852        1335
         853        1335
         854        1335
         855        1335
         856        1335
         857        1335
         858        1335
         859        1335
         860        1335
         861        1335
         862        1335
         863        1335
         844        1336
         845        1336
         846        1336
         847        1336
         848        1336
         849        1336
         850        1336
         851        1336
         852        1336
         853        1336
         854        1336
         855        1336
         856        1336
         857        1336
         858        1336
         859        1336
         860        1336
         861        1336
         845        1337
         846        1337
         847        1337
         848        1337
         849        1337
         850        1337
         851        1337
         852        1337
         853        1337
         854        1337
         855        1337
         856        1337
         857        1337
         858        1337
         845        1338
         846        1338
         847        1338
         848        1338
         849        1338
         850        1338
         851        1338
         852        1338
         853        1338
         854        1338
         855        1338
         856        1338
         845        1339
         846        1339
         847        1339
         848        1339
         849        1339
         850        1339
         851        1339
         852        1339
         853        1339
         854        1339
         846        1340
         847        1340
         848        1340
         849        1340
         850        1340
         851        1340
         852        1340
         846        1341
         847        1341
         848        1341
         849        1341
         847        1342
