         860        1395
         858        1396
         859        1396
         860        1396
         861        1396
         855        1397
         856        1397
         857        1397
         858        1397
         859        1397
         860        1397
         861        1397
         853        1398
         854        1398
         855        1398
         856        1398
         857        1398
         858        1398
         859        1398
         860        1398
         861        1398
         862        1398
         851        1399
         852        1399
         853        1399
         854        1399
         855        1399
         856        1399
         857        1399
         858        1399
         859        1399
         860        1399
         861        1399
         862        1399
         849        1400
         850        1400
         851        1400
         852        1400
         853        1400
         854        1400
         855        1400
         856        1400
         857        1400
         858        1400
         859        1400
         860        1400
         861        1400
         862        1400
         846        1401
         847        1401
         848        1401
         849        1401
         850        1401
         851        1401
         852        1401
         853        1401
         854        1401
         855        1401
         856        1401
         857        1401
         858        1401
         859        1401
         860        1401
         861        1401
         862        1401
         863        1401
         844        1402
         845        1402
         846        1402
         847        1402
         848        1402
         849        1402
         850        1402
         851        1402
         852        1402
         853        1402
         854        1402
         855        1402
         856        1402
         857        1402
         858        1402
         859        1402
         860        1402
         861        1402
         862        1402
         863        1402
         843        1403
         844        1403
         845        1403
         846        1403
         847        1403
         848        1403
         849        1403
         850        1403
         851        1403
         852        1403
         853        1403
         854        1403
         855        1403
         856        1403
         857        1403
         858        1403
         859        1403
         860        1403
         861        1403
         862        1403
         863        1403
         864        1403
         844        1404
         845        1404
         846        1404
         847        1404
         848        1404
         849        1404
         850        1404
         851        1404
         852        1404
         853        1404
         854        1404
         855        1404
         856        1404
         857        1404
         858        1404
         859        1404
         860        1404
         861        1404
         862        1404
         863        1404
         864        1404
         844        1405
         845        1405
         846        1405
         847        1405
         848        1405
         849        1405
         850        1405
         851        1405
         852        1405
         853        1405
         854        1405
         855        1405
         856        1405
         857        1405
         858        1405
         859        1405
         860        1405
         861        1405
         862        1405
         863        1405
         864        1405
         865        1405
         845        1406
         846        1406
         847        1406
         848        1406
         849        1406
         850        1406
         851        1406
         852        1406
         853        1406
         854        1406
         855        1406
         856        1406
         857        1406
         858        1406
         859        1406
         860        1406
         861        1406
         862        1406
         863        1406
         864        1406
         865        1406
         845        1407
         846        1407
         847        1407
         848        1407
         849        1407
         850        1407
         851        1407
         852        1407
         853        1407
         854        1407
         855        1407
         856        1407
         857        1407
         858        1407
         859        1407
         860        1407
         861        1407
         862        1407
         863        1407
         864        1407
         865        1407
         866        1407
         845        1408
         846        1408
         847        1408
         848        1408
         849        1408
         850        1408
         851        1408
         852        1408
         853        1408
         854        1408
         855        1408
         856        1408
         857        1408
         858        1408
         859        1408
         860        1408
         861        1408
         862        1408
         863        1408
         864        1408
         865        1408
         866        1408
         846        1409
         847        1409
         848        1409
         849        1409
         850        1409
         851        1409
         852        1409
         853        1409
         854        1409
         855        1409
         856        1409
         857        1409
         858        1409
         859        1409
         860        1409
         861        1409
         862        1409
         863        1409
         864        1409
         865        1409
         866        1409
         846        1410
         847        1410
         848        1410
         849        1410
         850        1410
         851        1410
         852        1410
         853        1410
         854        1410
         855        1410
         856        1410
         857        1410
         858        1410
         859        1410
         860        1410
         861        1410
         862        1410
         863        1410
         864        1410
         865        1410
         866        1410
         867        1410
         847        1411
         848        1411
         849        1411
         850        1411
         851        1411
         852        1411
         853        1411
         854        1411
         855        1411
         856        1411
         857        1411
         858        1411
         859        1411
         860        1411
         861        1411
         862        1411
         863        1411
         864        1411
         865        1411
         866        1411
         867        1411
         847        1412
         848        1412
         849        1412
         850        1412
         851        1412
         852        1412
         853        1412
         854        1412
         855        1412
         856        1412
         857        1412
         858        1412
         859        1412
         860        1412
         861        1412
         862        1412
         863        1412
         864        1412
         865        1412
         866        1412
         867        1412
         868        1412
         848        1413
         849        1413
         850        1413
         851        1413
         852        1413
         853        1413
         854        1413
         855        1413
         856        1413
         857        1413
         858        1413
         859        1413
         860        1413
         861        1413
         862        1413
         863        1413
         864        1413
         865        1413
         866        1413
         867        1413
         848        1414
         849        1414
         850        1414
         851        1414
         852        1414
         853        1414
         854        1414
         855        1414
         856        1414
         857        1414
         858        1414
         859        1414
         860        1414
         861        1414
         862        1414
         863        1414
         864        1414
         865        1414
         849        1415
         850        1415
         851        1415
         852        1415
         853        1415
         854        1415
         855        1415
         856        1415
         857        1415
         858        1415
         859        1415
         860        1415
         861        1415
         862        1415
         849        1416
         850        1416
         851        1416
         852        1416
         853        1416
         854        1416
         855        1416
         856        1416
         857        1416
         858        1416
         859        1416
         860        1416
         849        1417
         850        1417
         851        1417
         852        1417
         853        1417
         854        1417
         855        1417
         856        1417
         857        1417
         858        1417
         850        1418
         851        1418
         852        1418
         853        1418
         854        1418
         855        1418
         856        1418
         850        1419
         851        1419
         852        1419
         853        1419
         851        1420
