         729        1321
         727        1322
         728        1322
         729        1322
         730        1322
         725        1323
         726        1323
         727        1323
         728        1323
         729        1323
         730        1323
         723        1324
         724        1324
         725        1324
         726        1324
         727        1324
         728        1324
         729        1324
         730        1324
         731        1324
         721        1325
         722        1325
         723        1325
         724        1325
         725        1325
         726        1325
         727        1325
         728        1325
         729        1325
         730        1325
         731        1325
         719        1326
         720        1326
         721        1326
         722        1326
         723        1326
         724        1326
         725        1326
         726        1326
         727        1326
         728        1326
         729        1326
         730        1326
         731        1326
         717        1327
         718        1327
         719        1327
         720        1327
         721        1327
         722        1327
         723        1327
         724        1327
         725        1327
         726        1327
         727        1327
         728        1327
         729        1327
         730        1327
         731        1327
         732        1327
         715        1328
         716        1328
         717        1328
         718        1328
         719        1328
         720        1328
         721        1328
         722        1328
         723        1328
         724        1328
         725        1328
         726        1328
         727        1328
         728        1328
         729        1328
         730        1328
         731        1328
         732        1328
         713        1329
         714        1329
         715        1329
         716        1329
         717        1329
         718        1329
         719        1329
         720        1329
         721        1329
         722        1329
         723        1329
         724        1329
         725        1329
         726        1329
         727        1329
         728        1329
         729        1329
         730        1329
         731        1329
         732        1329
         733        1329
         712        1330
         713        1330
         714        1330
         715        1330
         716        1330
         717        1330
         718        1330
         719        1330
         720        1330
         721        1330
         722        1330
         723        1330
         724        1330
         725        1330
         726        1330
         727        1330
         728        1330
         729        1330
         730        1330
         731        1330
         732        1330
         733        1330
         713        1331
         714        1331
         715        1331
         716        1331
         717        1331
         718        1331
         719        1331
         720        1331
         721        1331
         722        1331
         723        1331
         724        1331
         725        1331
         726        1331
         727        1331
         728        1331
         729        1331
         730        1331
         731        1331
         732        1331
         733        1331
         734        1331
         713        1332
         714        1332
         715        1332
         716        1332
         717        1332
         718        1332
         719        1332
         720        1332
         721        1332
         722        1332
         723        1332
         724        1332
         725        1332
         726        1332
         727        1332
         728        1332
         729        1332
         730        1332
         731        1332
         732        1332
         733        1332
         734        1332
         714        1333
         715        1333
         716        1333
         717        1333
         718        1333
         719        1333
         720        1333
         721        1333
         722        1333
         723        1333
         724        1333
         725        1333
         726        1333
         727        1333
         728        1333
         729        1333
         730        1333
         731        1333
         732        1333
         733        1333
         734        1333
         735        1333
         714        1334
         715        1334
         716        1334
         717        1334
         718        1334
         719        1334
         720        1334
         721        1334
         722        1334
         723        1334
         724        1334
         725        1334
         726        1334
         727        1334
         728        1334
         729        1334
         730        1334
         731        1334
         732        1334
         733        1334
         734        1334
         735        1334
         714        1335
         715        1335
         716        1335
         717        1335
         718        1335
         719        1335
         720        1335
         721        1335
         722        1335
         723        1335
         724        1335
         725        1335
         726        1335
         727        1335
         728        1335
         729        1335
         730        1335
         731        1335
         732        1335
         733        1335
         734        1335
         735        1335
         715        1336
         716        1336
         717        1336
         718        1336
         719        1336
         720        1336
         721        1336
         722        1336
         723        1336
         724        1336
         725        1336
         726        1336
         727        1336
         728        1336
         729        1336
         730        1336
         731        1336
         732        1336
         733        1336
         734        1336
         735        1336
         736        1336
         715        1337
         716        1337
         717        1337
         718        1337
         719        1337
         720        1337
         721        1337
         722        1337
         723        1337
         724        1337
         725        1337
         726        1337
         727        1337
         728        1337
         729        1337
         730        1337
         731        1337
         732        1337
         733        1337
         734        1337
         735        1337
         736        1337
         716        1338
         717        1338
         718        1338
         719        1338
         720        1338
         721        1338
         722        1338
         723        1338
         724        1338
         725        1338
         726        1338
         727        1338
         728        1338
         729        1338
         730        1338
         731        1338
         732        1338
         733        1338
         734        1338
         735        1338
         736        1338
         737        1338
         716        1339
         717        1339
         718        1339
         719        1339
         720        1339
         721        1339
         722        1339
         723        1339
         724        1339
         725        1339
         726        1339
         727        1339
         728        1339
         729        1339
         730        1339
         731        1339
         732        1339
         733        1339
         734        1339
         735        1339
         736        1339
         717        1340
         718        1340
         719        1340
         720        1340
         721        1340
         722        1340
         723        1340
         724        1340
         725        1340
         726        1340
         727        1340
         728        1340
         729        1340
         730        1340
         731        1340
         732        1340
         733        1340
         734        1340
         717        1341
         718        1341
         719        1341
         720        1341
         721        1341
         722        1341
         723        1341
         724        1341
         725        1341
         726        1341
         727        1341
         728        1341
         729        1341
         730        1341
         731        1341
         732        1341
         718        1342
         719        1342
         720        1342
         721        1342
         722        1342
         723        1342
         724        1342
         725        1342
         726        1342
         727        1342
         728        1342
         729        1342
         730        1342
         718        1343
         719        1343
         720        1343
         721        1343
         722        1343
         723        1343
         724        1343
         725        1343
         726        1343
         727        1343
         728        1343
         718        1344
         719        1344
         720        1344
         721        1344
         722        1344
         723        1344
         724        1344
         725        1344
         726        1344
         719        1345
         720        1345
         721        1345
         722        1345
         723        1345
         724        1345
         719        1346
         720        1346
         721        1346
         722        1346
         720        1347
