         904        1591
         902        1592
         903        1592
         904        1592
         905        1592
         900        1593
         901        1593
         902        1593
         903        1593
         904        1593
         905        1593
         898        1594
         899        1594
         900        1594
         901        1594
         902        1594
         903        1594
         904        1594
         905        1594
         896        1595
         897        1595
         898        1595
         899        1595
         900        1595
         901        1595
         902        1595
         903        1595
         904        1595
         905        1595
         906        1595
         894        1596
         895        1596
         896        1596
         897        1596
         898        1596
         899        1596
         900        1596
         901        1596
         902        1596
         903        1596
         904        1596
         905        1596
         906        1596
         892        1597
         893        1597
         894        1597
         895        1597
         896        1597
         897        1597
         898        1597
         899        1597
         900        1597
         901        1597
         902        1597
         903        1597
         904        1597
         905        1597
         906        1597
         907        1597
         890        1598
         891        1598
         892        1598
         893        1598
         894        1598
         895        1598
         896        1598
         897        1598
         898        1598
         899        1598
         900        1598
         901        1598
         902        1598
         903        1598
         904        1598
         905        1598
         906        1598
         907        1598
         888        1599
         889        1599
         890        1599
         891        1599
         892        1599
         893        1599
         894        1599
         895        1599
         896        1599
         897        1599
         898        1599
         899        1599
         900        1599
         901        1599
         902        1599
         903        1599
         904        1599
         905        1599
         906        1599
         907        1599
         908        1599
         887        1600
         888        1600
         889        1600
         890        1600
         891        1600
         892        1600
         893        1600
         894        1600
         895        1600
         896        1600
         897        1600
         898        1600
         899        1600
         900        1600
         901        1600
         902        1600
         903        1600
         904        1600
         905        1600
         906        1600
         907        1600
         908        1600
         888        1601
         889        1601
         890        1601
         891        1601
         892        1601
         893        1601
         894        1601
         895        1601
         896        1601
         897        1601
         898        1601
         899        1601
         900        1601
         901        1601
         902        1601
         903        1601
         904        1601
         905        1601
         906        1601
         907        1601
         908        1601
         888        1602
         889        1602
         890        1602
         891        1602
         892        1602
         893        1602
         894        1602
         895        1602
         896        1602
         897        1602
         898        1602
         899        1602
         900        1602
         901        1602
         902        1602
         903        1602
         904        1602
         905        1602
         906        1602
         907        1602
         908        1602
         909        1602
         889        1603
         890        1603
         891        1603
         892        1603
         893        1603
         894        1603
         895        1603
         896        1603
         897        1603
         898        1603
         899        1603
         900        1603
         901        1603
         902        1603
         903        1603
         904        1603
         905        1603
         906        1603
         907        1603
         908        1603
         909        1603
         889        1604
         890        1604
         891        1604
         892        1604
         893        1604
         894        1604
         895        1604
         896        1604
         897        1604
         898        1604
         899        1604
         900        1604
         901        1604
         902        1604
         903        1604
         904        1604
         905        1604
         906        1604
         907        1604
         908        1604
         909        1604
         910        1604
         889        1605
         890        1605
         891        1605
         892        1605
         893        1605
         894        1605
         895        1605
         896        1605
         897        1605
         898        1605
         899        1605
         900        1605
         901        1605
         902        1605
         903        1605
         904        1605
         905        1605
         906        1605
         907        1605
         908        1605
         909        1605
         910        1605
         890        1606
         891        1606
         892        1606
         893        1606
         894        1606
         895        1606
         896        1606
         897        1606
         898        1606
         899        1606
         900        1606
         901        1606
         902        1606
         903        1606
         904        1606
         905        1606
         906        1606
         907        1606
         908        1606
         909        1606
         910        1606
         911        1606
         890        1607
         891        1607
         892        1607
         893        1607
         894        1607
         895        1607
         896        1607
         897        1607
         898        1607
         899        1607
         900        1607
         901        1607
         902        1607
         903        1607
         904        1607
         905        1607
         906        1607
         907        1607
         908        1607
         909        1607
         910        1607
         911        1607
         891        1608
         892        1608
         893        1608
         894        1608
         895        1608
         896        1608
         897        1608
         898        1608
         899        1608
         900        1608
         901        1608
         902        1608
         903        1608
         904        1608
         905        1608
         906        1608
         907        1608
         908        1608
         909        1608
         910        1608
         911        1608
         891        1609
         892        1609
         893        1609
         894        1609
         895        1609
         896        1609
         897        1609
         898        1609
         899        1609
         900        1609
         901        1609
         902        1609
         903        1609
         904        1609
         905        1609
         906        1609
         907        1609
         908        1609
         909        1609
         910        1609
         911        1609
         912        1609
         892        1610
         893        1610
         894        1610
         895        1610
         896        1610
         897        1610
         898        1610
         899        1610
         900        1610
         901        1610
         902        1610
         903        1610
         904        1610
         905        1610
         906        1610
         907        1610
         908        1610
         909        1610
         910        1610
         911        1610
         892        1611
         893        1611
         894        1611
         895        1611
         896        1611
         897        1611
         898        1611
         899        1611
         900        1611
         901        1611
         902        1611
         903        1611
         904        1611
         905        1611
         906        1611
         907        1611
         908        1611
         909        1611
         893        1612
         894        1612
         895        1612
         896        1612
         897        1612
         898        1612
         899        1612
         900        1612
         901        1612
         902        1612
         903        1612
         904        1612
         905        1612
         906        1612
         893        1613
         894        1613
         895        1613
         896        1613
         897        1613
         898        1613
         899        1613
         900        1613
         901        1613
         902        1613
         903        1613
         904        1613
         893        1614
         894        1614
         895        1614
         896        1614
         897        1614
         898        1614
         899        1614
         900        1614
         901        1614
         902        1614
         894        1615
         895        1615
         896        1615
         897        1615
         898        1615
         899        1615
         900        1615
         894        1616
         895        1616
         896        1616
         897        1616
         895        1617
