         865        1503
         863        1504
         864        1504
         865        1504
         866        1504
         860        1505
         861        1505
         862        1505
         863        1505
         864        1505
         865        1505
         866        1505
         858        1506
         859        1506
         860        1506
         861        1506
         862        1506
         863        1506
         864        1506
         865        1506
         866        1506
         867        1506
         856        1507
         857        1507
         858        1507
         859        1507
         860        1507
         861        1507
         862        1507
         863        1507
         864        1507
         865        1507
         866        1507
         867        1507
         854        1508
         855        1508
         856        1508
         857        1508
         858        1508
         859        1508
         860        1508
         861        1508
         862        1508
         863        1508
         864        1508
         865        1508
         866        1508
         867        1508
         851        1509
         852        1509
         853        1509
         854        1509
         855        1509
         856        1509
         857        1509
         858        1509
         859        1509
         860        1509
         861        1509
         862        1509
         863        1509
         864        1509
         865        1509
         866        1509
         867        1509
         868        1509
         849        1510
         850        1510
         851        1510
         852        1510
         853        1510
         854        1510
         855        1510
         856        1510
         857        1510
         858        1510
         859        1510
         860        1510
         861        1510
         862        1510
         863        1510
         864        1510
         865        1510
         866        1510
         867        1510
         868        1510
         848        1511
         849        1511
         850        1511
         851        1511
         852        1511
         853        1511
         854        1511
         855        1511
         856        1511
         857        1511
         858        1511
         859        1511
         860        1511
         861        1511
         862        1511
         863        1511
         864        1511
         865        1511
         866        1511
         867        1511
         868        1511
         869        1511
         849        1512
         850        1512
         851        1512
         852        1512
         853        1512
         854        1512
         855        1512
         856        1512
         857        1512
         858        1512
         859        1512
         860        1512
         861        1512
         862        1512
         863        1512
         864        1512
         865        1512
         866        1512
         867        1512
         868        1512
         869        1512
         849        1513
         850        1513
         851        1513
         852        1513
         853        1513
         854        1513
         855        1513
         856        1513
         857        1513
         858        1513
         859        1513
         860        1513
         861        1513
         862        1513
         863        1513
         864        1513
         865        1513
         866        1513
         867        1513
         868        1513
         869        1513
         870        1513
         849        1514
         850        1514
         851        1514
         852        1514
         853        1514
         854        1514
         855        1514
         856        1514
         857        1514
         858        1514
         859        1514
         860        1514
         861        1514
         862        1514
         863        1514
         864        1514
         865        1514
         866        1514
         867        1514
         868        1514
         869        1514
         870        1514
         850        1515
         851        1515
         852        1515
         853        1515
         854        1515
         855        1515
         856        1515
         857        1515
         858        1515
         859        1515
         860        1515
         861        1515
         862        1515
         863        1515
         864        1515
         865        1515
         866        1515
         867        1515
         868        1515
         869        1515
         870        1515
         871        1515
         850        1516
         851        1516
         852        1516
         853        1516
         854        1516
         855        1516
         856        1516
         857        1516
         858        1516
         859        1516
         860        1516
         861        1516
         862        1516
         863        1516
         864        1516
         865        1516
         866        1516
         867        1516
         868        1516
         869        1516
         870        1516
         871        1516
         851        1517
         852        1517
         853        1517
         854        1517
         855        1517
         856        1517
         857        1517
         858        1517
         859        1517
         860        1517
         861        1517
         862        1517
         863        1517
         864        1517
         865        1517
         866        1517
         867        1517
         868        1517
         869        1517
         870        1517
         871        1517
         851        1518
         852        1518
         853        1518
         854        1518
         855        1518
         856        1518
         857        1518
         858        1518
         859        1518
         860        1518
         861        1518
         862        1518
         863        1518
         864        1518
         865        1518
         866        1518
         867        1518
         868        1518
         869        1518
         870        1518
         871        1518
         872        1518
         852        1519
         853        1519
         854        1519
         855        1519
         856        1519
         857        1519
         858        1519
         859        1519
         860        1519
         861        1519
         862        1519
         863        1519
         864        1519
         865        1519
         866        1519
         867        1519
         868        1519
         869        1519
         870        1519
         871        1519
         872        1519
         852        1520
         853        1520
         854        1520
         855        1520
         856        1520
         857        1520
         858        1520
         859        1520
         860        1520
         861        1520
         862        1520
         863        1520
         864        1520
         865        1520
         866        1520
         867        1520
         868        1520
         869        1520
         870        1520
         871        1520
         872        1520
         873        1520
         852        1521
         853        1521
         854        1521
         855        1521
         856        1521
         857        1521
         858        1521
         859        1521
         860        1521
         861        1521
         862        1521
         863        1521
         864        1521
         865        1521
         866        1521
         867        1521
         868        1521
         869        1521
         870        1521
         871        1521
         872        1521
         853        1522
         854        1522
         855        1522
         856        1522
         857        1522
         858        1522
         859        1522
         860        1522
         861        1522
         862        1522
         863        1522
         864        1522
         865        1522
         866        1522
         867        1522
         868        1522
         869        1522
         870        1522
         853        1523
         854        1523
         855        1523
         856        1523
         857        1523
         858        1523
         859        1523
         860        1523
         861        1523
         862        1523
         863        1523
         864        1523
         865        1523
         866        1523
         867        1523
         868        1523
         854        1524
         855        1524
         856        1524
         857        1524
         858        1524
         859        1524
         860        1524
         861        1524
         862        1524
         863        1524
         864        1524
         865        1524
         866        1524
         854        1525
         855        1525
         856        1525
         857        1525
         858        1525
         859        1525
         860        1525
         861        1525
         862        1525
         863        1525
         864        1525
         855        1526
         856        1526
         857        1526
         858        1526
         859        1526
         860        1526
         861        1526
         862        1526
         855        1527
         856        1527
         857        1527
         858        1527
         859        1527
         860        1527
         855        1528
         856        1528
         857        1528
         858        1528
         856        1529
