         765        1616
         763        1617
         764        1617
         765        1617
         766        1617
         760        1618
         761        1618
         762        1618
         763        1618
         764        1618
         765        1618
         766        1618
         758        1619
         759        1619
         760        1619
         761        1619
         762        1619
         763        1619
         764        1619
         765        1619
         766        1619
         767        1619
         756        1620
         757        1620
         758        1620
         759        1620
         760        1620
         761        1620
         762        1620
         763        1620
         764        1620
         765        1620
         766        1620
         767        1620
         754        1621
         755        1621
         756        1621
         757        1621
         758        1621
         759        1621
         760        1621
         761        1621
         762        1621
         763        1621
         764        1621
         765        1621
         766        1621
         767        1621
         768        1621
         751        1622
         752        1622
         753        1622
         754        1622
         755        1622
         756        1622
         757        1622
         758        1622
         759        1622
         760        1622
         761        1622
         762        1622
         763        1622
         764        1622
         765        1622
         766        1622
         767        1622
         768        1622
         749        1623
         750        1623
         751        1623
         752        1623
         753        1623
         754        1623
         755        1623
         756        1623
         757        1623
         758        1623
         759        1623
         760        1623
         761        1623
         762        1623
         763        1623
         764        1623
         765        1623
         766        1623
         767        1623
         768        1623
         769        1623
         748        1624
         749        1624
         750        1624
         751        1624
         752        1624
         753        1624
         754        1624
         755        1624
         756        1624
         757        1624
         758        1624
         759        1624
         760        1624
         761        1624
         762        1624
         763        1624
         764        1624
         765        1624
         766        1624
         767        1624
         768        1624
         769        1624
         749        1625
         750        1625
         751        1625
         752        1625
         753        1625
         754        1625
         755        1625
         756        1625
         757        1625
         758        1625
         759        1625
         760        1625
         761        1625
         762        1625
         763        1625
         764        1625
         765        1625
         766        1625
         767        1625
         768        1625
         769        1625
         770        1625
         749        1626
         750        1626
         751        1626
         752        1626
         753        1626
         754        1626
         755        1626
         756        1626
         757        1626
         758        1626
         759        1626
         760        1626
         761        1626
         762        1626
         763        1626
         764        1626
         765        1626
         766        1626
         767        1626
         768        1626
         769        1626
         770        1626
         750        1627
         751        1627
         752        1627
         753        1627
         754        1627
         755        1627
         756        1627
         757        1627
         758        1627
         759        1627
         760        1627
         761        1627
         762        1627
         763        1627
         764        1627
         765        1627
         766        1627
         767        1627
         768        1627
         769        1627
         770        1627
         771        1627
         750        1628
         751        1628
         752        1628
         753        1628
         754        1628
         755        1628
         756        1628
         757        1628
         758        1628
         759        1628
         760        1628
         761        1628
         762        1628
         763        1628
         764        1628
         765        1628
         766        1628
         767        1628
         768        1628
         769        1628
         770        1628
         771        1628
         751        1629
         752        1629
         753        1629
         754        1629
         755        1629
         756        1629
         757        1629
         758        1629
         759        1629
         760        1629
         761        1629
         762        1629
         763        1629
         764        1629
         765        1629
         766        1629
         767        1629
         768        1629
         769        1629
         770        1629
         771        1629
         772        1629
         751        1630
         752        1630
         753        1630
         754        1630
         755        1630
         756        1630
         757        1630
         758        1630
         759        1630
         760        1630
         761        1630
         762        1630
         763        1630
         764        1630
         765        1630
         766        1630
         767        1630
         768        1630
         769        1630
         770        1630
         771        1630
         772        1630
         752        1631
         753        1631
         754        1631
         755        1631
         756        1631
         757        1631
         758        1631
         759        1631
         760        1631
         761        1631
         762        1631
         763        1631
         764        1631
         765        1631
         766        1631
         767        1631
         768        1631
         769        1631
         770        1631
         771        1631
         772        1631
         773        1631
         752        1632
         753        1632
         754        1632
         755        1632
         756        1632
         757        1632
         758        1632
         759        1632
         760        1632
         761        1632
         762        1632
         763        1632
         764        1632
         765        1632
         766        1632
         767        1632
         768        1632
         769        1632
         770        1632
         771        1632
         772        1632
         773        1632
         753        1633
         754        1633
         755        1633
         756        1633
         757        1633
         758        1633
         759        1633
         760        1633
         761        1633
         762        1633
         763        1633
         764        1633
         765        1633
         766        1633
         767        1633
         768        1633
         769        1633
         770        1633
         771        1633
         772        1633
         773        1633
         774        1633
         753        1634
         754        1634
         755        1634
         756        1634
         757        1634
         758        1634
         759        1634
         760        1634
         761        1634
         762        1634
         763        1634
         764        1634
         765        1634
         766        1634
         767        1634
         768        1634
         769        1634
         770        1634
         771        1634
         772        1634
         773        1634
         754        1635
         755        1635
         756        1635
         757        1635
         758        1635
         759        1635
         760        1635
         761        1635
         762        1635
         763        1635
         764        1635
         765        1635
         766        1635
         767        1635
         768        1635
         769        1635
         770        1635
         771        1635
         754        1636
         755        1636
         756        1636
         757        1636
         758        1636
         759        1636
         760        1636
         761        1636
         762        1636
         763        1636
         764        1636
         765        1636
         766        1636
         767        1636
         768        1636
         755        1637
         756        1637
         757        1637
         758        1637
         759        1637
         760        1637
         761        1637
         762        1637
         763        1637
         764        1637
         765        1637
         766        1637
         755        1638
         756        1638
         757        1638
         758        1638
         759        1638
         760        1638
         761        1638
         762        1638
         763        1638
         764        1638
         756        1639
         757        1639
         758        1639
         759        1639
         760        1639
         761        1639
         762        1639
         756        1640
         757        1640
         758        1640
         759        1640
         757        1641
