         652        1418
         649        1419
         650        1419
         651        1419
         652        1419
         653        1419
         647        1420
         648        1420
         649        1420
         650        1420
         651        1420
         652        1420
         653        1420
         645        1421
         646        1421
         647        1421
         648        1421
         649        1421
         650        1421
         651        1421
         652        1421
         653        1421
         642        1422
         643        1422
         644        1422
         645        1422
         646        1422
         647        1422
         648        1422
         649        1422
         650        1422
         651        1422
         652        1422
         653        1422
         654        1422
         640        1423
         641        1423
         642        1423
         643        1423
         644        1423
         645        1423
         646        1423
         647        1423
         648        1423
         649        1423
         650        1423
         651        1423
         652        1423
         653        1423
         654        1423
         638        1424
         639        1424
         640        1424
         641        1424
         642        1424
         643        1424
         644        1424
         645        1424
         646        1424
         647        1424
         648        1424
         649        1424
         650        1424
         651        1424
         652        1424
         653        1424
         654        1424
         655        1424
         635        1425
         636        1425
         637        1425
         638        1425
         639        1425
         640        1425
         641        1425
         642        1425
         643        1425
         644        1425
         645        1425
         646        1425
         647        1425
         648        1425
         649        1425
         650        1425
         651        1425
         652        1425
         653        1425
         654        1425
         655        1425
         634        1426
         635        1426
         636        1426
         637        1426
         638        1426
         639        1426
         640        1426
         641        1426
         642        1426
         643        1426
         644        1426
         645        1426
         646        1426
         647        1426
         648        1426
         649        1426
         650        1426
         651        1426
         652        1426
         653        1426
         654        1426
         655        1426
         656        1426
         635        1427
         636        1427
         637        1427
         638        1427
         639        1427
         640        1427
         641        1427
         642        1427
         643        1427
         644        1427
         645        1427
         646        1427
         647        1427
         648        1427
         649        1427
         650        1427
         651        1427
         652        1427
         653        1427
         654        1427
         655        1427
         656        1427
         635        1428
         636        1428
         637        1428
         638        1428
         639        1428
         640        1428
         641        1428
         642        1428
         643        1428
         644        1428
         645        1428
         646        1428
         647        1428
         648        1428
         649        1428
         650        1428
         651        1428
         652        1428
         653        1428
         654        1428
         655        1428
         656        1428
         635        1429
         636        1429
         637        1429
         638        1429
         639        1429
         640        1429
         641        1429
         642        1429
         643        1429
         644        1429
         645        1429
         646        1429
         647        1429
         648        1429
         649        1429
         650        1429
         651        1429
         652        1429
         653        1429
         654        1429
         655        1429
         656        1429
         657        1429
         636        1430
         637        1430
         638        1430
         639        1430
         640        1430
         641        1430
         642        1430
         643        1430
         644        1430
         645        1430
         646        1430
         647        1430
         648        1430
         649        1430
         650        1430
         651        1430
         652        1430
         653        1430
         654        1430
         655        1430
         656        1430
         657        1430
         636        1431
         637        1431
         638        1431
         639        1431
         640        1431
         641        1431
         642        1431
         643        1431
         644        1431
         645        1431
         646        1431
         647        1431
         648        1431
         649        1431
         650        1431
         651        1431
         652        1431
         653        1431
         654        1431
         655        1431
         656        1431
         657        1431
         658        1431
         637        1432
         638        1432
         639        1432
         640        1432
         641        1432
         642        1432
         643        1432
         644        1432
         645        1432
         646        1432
         647        1432
         648        1432
         649        1432
         650        1432
         651        1432
         652        1432
         653        1432
         654        1432
         655        1432
         656        1432
         657        1432
         658        1432
         637        1433
         638        1433
         639        1433
         640        1433
         641        1433
         642        1433
         643        1433
         644        1433
         645        1433
         646        1433
         647        1433
         648        1433
         649        1433
         650        1433
         651        1433
         652        1433
         653        1433
         654        1433
         655        1433
         656        1433
         657        1433
         658        1433
         659        1433
         638        1434
         639        1434
         640        1434
         641        1434
         642        1434
         643        1434
         644        1434
         645        1434
         646        1434
         647        1434
         648        1434
         649        1434
         650        1434
         651        1434
         652        1434
         653        1434
         654        1434
         655        1434
         656        1434
         657        1434
         658        1434
         659        1434
         638        1435
         639        1435
         640        1435
         641        1435
         642        1435
         643        1435
         644        1435
         645        1435
         646        1435
         647        1435
         648        1435
         649        1435
         650        1435
         651        1435
         652        1435
         653        1435
         654        1435
         655        1435
         656        1435
         657        1435
         658        1435
         659        1435
         638        1436
         639        1436
         640        1436
         641        1436
         642        1436
         643        1436
         644        1436
         645        1436
         646        1436
         647        1436
         648        1436
         649        1436
         650        1436
         651        1436
         652        1436
         653        1436
         654        1436
         655        1436
         656        1436
         657        1436
         658        1436
         659        1436
         660        1436
         639        1437
         640        1437
         641        1437
         642        1437
         643        1437
         644        1437
         645        1437
         646        1437
         647        1437
         648        1437
         649        1437
         650        1437
         651        1437
         652        1437
         653        1437
         654        1437
         655        1437
         656        1437
         657        1437
         658        1437
         659        1437
         639        1438
         640        1438
         641        1438
         642        1438
         643        1438
         644        1438
         645        1438
         646        1438
         647        1438
         648        1438
         649        1438
         650        1438
         651        1438
         652        1438
         653        1438
         654        1438
         655        1438
         656        1438
         640        1439
         641        1439
         642        1439
         643        1439
         644        1439
         645        1439
         646        1439
         647        1439
         648        1439
         649        1439
         650        1439
         651        1439
         652        1439
         653        1439
         654        1439
         640        1440
         641        1440
         642        1440
         643        1440
         644        1440
         645        1440
         646        1440
         647        1440
         648        1440
         649        1440
         650        1440
         651        1440
         652        1440
         641        1441
         642        1441
         643        1441
         644        1441
         645        1441
         646        1441
         647        1441
         648        1441
         649        1441
         641        1442
         642        1442
         643        1442
         644        1442
         645        1442
         646        1442
         647        1442
         641        1443
         642        1443
         643        1443
         644        1443
         645        1443
         642        1444
