         981        1563
         979        1564
         980        1564
         981        1564
         982        1564
         976        1565
         977        1565
         978        1565
         979        1565
         980        1565
         981        1565
         982        1565
         974        1566
         975        1566
         976        1566
         977        1566
         978        1566
         979        1566
         980        1566
         981        1566
         982        1566
         972        1567
         973        1567
         974        1567
         975        1567
         976        1567
         977        1567
         978        1567
         979        1567
         980        1567
         981        1567
         982        1567
         983        1567
         970        1568
         971        1568
         972        1568
         973        1568
         974        1568
         975        1568
         976        1568
         977        1568
         978        1568
         979        1568
         980        1568
         981        1568
         982        1568
         983        1568
         967        1569
         968        1569
         969        1569
         970        1569
         971        1569
         972        1569
         973        1569
         974        1569
         975        1569
         976        1569
         977        1569
         978        1569
         979        1569
         980        1569
         981        1569
         982        1569
         983        1569
         984        1569
         965        1570
         966        1570
         967        1570
         968        1570
         969        1570
         970        1570
         971        1570
         972        1570
         973        1570
         974        1570
         975        1570
         976        1570
         977        1570
         978        1570
         979        1570
         980        1570
         981        1570
         982        1570
         983        1570
         984        1570
         964        1571
         965        1571
         966        1571
         967        1571
         968        1571
         969        1571
         970        1571
         971        1571
         972        1571
         973        1571
         974        1571
         975        1571
         976        1571
         977        1571
         978        1571
         979        1571
         980        1571
         981        1571
         982        1571
         983        1571
         984        1571
         985        1571
         965        1572
         966        1572
         967        1572
         968        1572
         969        1572
         970        1572
         971        1572
         972        1572
         973        1572
         974        1572
         975        1572
         976        1572
         977        1572
         978        1572
         979        1572
         980        1572
         981        1572
         982        1572
         983        1572
         984        1572
         985        1572
         965        1573
         966        1573
         967        1573
         968        1573
         969        1573
         970        1573
         971        1573
         972        1573
         973        1573
         974        1573
         975        1573
         976        1573
         977        1573
         978        1573
         979        1573
         980        1573
         981        1573
         982        1573
         983        1573
         984        1573
         985        1573
         965        1574
         966        1574
         967        1574
         968        1574
         969        1574
         970        1574
         971        1574
         972        1574
         973        1574
         974        1574
         975        1574
         976        1574
         977        1574
         978        1574
         979        1574
         980        1574
         981        1574
         982        1574
         983        1574
         984        1574
         985        1574
         986        1574
         966        1575
         967        1575
         968        1575
         969        1575
         970        1575
         971        1575
         972        1575
         973        1575
         974        1575
         975        1575
         976        1575
         977        1575
         978        1575
         979        1575
         980        1575
         981        1575
         982        1575
         983        1575
         984        1575
         985        1575
         986        1575
         966        1576
         967        1576
         968        1576
         969        1576
         970        1576
         971        1576
         972        1576
         973        1576
         974        1576
         975        1576
         976        1576
         977        1576
         978        1576
         979        1576
         980        1576
         981        1576
         982        1576
         983        1576
         984        1576
         985        1576
         986        1576
         987        1576
         967        1577
         968        1577
         969        1577
         970        1577
         971        1577
         972        1577
         973        1577
         974        1577
         975        1577
         976        1577
         977        1577
         978        1577
         979        1577
         980        1577
         981        1577
         982        1577
         983        1577
         984        1577
         985        1577
         986        1577
         987        1577
         967        1578
         968        1578
         969        1578
         970        1578
         971        1578
         972        1578
         973        1578
         974        1578
         975        1578
         976        1578
         977        1578
         978        1578
         979        1578
         980        1578
         981        1578
         982        1578
         983        1578
         984        1578
         985        1578
         986        1578
         987        1578
         988        1578
         967        1579
         968        1579
         969        1579
         970        1579
         971        1579
         972        1579
         973        1579
         974        1579
         975        1579
         976        1579
         977        1579
         978        1579
         979        1579
         980        1579
         981        1579
         982        1579
         983        1579
         984        1579
         985        1579
         986        1579
         987        1579
         988        1579
         968        1580
         969        1580
         970        1580
         971        1580
         972        1580
         973        1580
         974        1580
         975        1580
         976        1580
         977        1580
         978        1580
         979        1580
         980        1580
         981        1580
         982        1580
         983        1580
         984        1580
         985        1580
         986        1580
         987        1580
         988        1580
         968        1581
         969        1581
         970        1581
         971        1581
         972        1581
         973        1581
         974        1581
         975        1581
         976        1581
         977        1581
         978        1581
         979        1581
         980        1581
         981        1581
         982        1581
         983        1581
         984        1581
         985        1581
         986        1581
         987        1581
         988        1581
         989        1581
         968        1582
         969        1582
         970        1582
         971        1582
         972        1582
         973        1582
         974        1582
         975        1582
         976        1582
         977        1582
         978        1582
         979        1582
         980        1582
         981        1582
         982        1582
         983        1582
         984        1582
         985        1582
         986        1582
         987        1582
         988        1582
         969        1583
         970        1583
         971        1583
         972        1583
         973        1583
         974        1583
         975        1583
         976        1583
         977        1583
         978        1583
         979        1583
         980        1583
         981        1583
         982        1583
         983        1583
         984        1583
         985        1583
         969        1584
         970        1584
         971        1584
         972        1584
         973        1584
         974        1584
         975        1584
         976        1584
         977        1584
         978        1584
         979        1584
         980        1584
         981        1584
         982        1584
         970        1585
         971        1585
         972        1585
         973        1585
         974        1585
         975        1585
         976        1585
         977        1585
         978        1585
         979        1585
         980        1585
         970        1586
         971        1586
         972        1586
         973        1586
         974        1586
         975        1586
         976        1586
         977        1586
         970        1587
         971        1587
         972        1587
         973        1587
         974        1587
         971        1588
