         739        1606
         736        1607
         737        1607
         738        1607
         739        1607
         740        1607
         734        1608
         735        1608
         736        1608
         737        1608
         738        1608
         739        1608
         740        1608
         732        1609
         733        1609
         734        1609
         735        1609
         736        1609
         737        1609
         738        1609
         739        1609
         740        1609
         741        1609
         729        1610
         730        1610
         731        1610
         732        1610
         733        1610
         734        1610
         735        1610
         736        1610
         737        1610
         738        1610
         739        1610
         740        1610
         741        1610
         727        1611
         728        1611
         729        1611
         730        1611
         731        1611
         732        1611
         733        1611
         734        1611
         735        1611
         736        1611
         737        1611
         738        1611
         739        1611
         740        1611
         741        1611
         725        1612
         726        1612
         727        1612
         728        1612
         729        1612
         730        1612
         731        1612
         732        1612
         733        1612
         734        1612
         735        1612
         736        1612
         737        1612
         738        1612
         739        1612
         740        1612
         741        1612
         742        1612
         722        1613
         723        1613
         724        1613
         725        1613
         726        1613
         727        1613
         728        1613
         729        1613
         730        1613
         731        1613
         732        1613
         733        1613
         734        1613
         735        1613
         736        1613
         737        1613
         738        1613
         739        1613
         740        1613
         741        1613
         742        1613
         721        1614
         722        1614
         723        1614
         724        1614
         725        1614
         726        1614
         727        1614
         728        1614
         729        1614
         730        1614
         731        1614
         732        1614
         733        1614
         734        1614
         735        1614
         736        1614
         737        1614
         738        1614
         739        1614
         740        1614
         741        1614
         742        1614
         743        1614
         722        1615
         723        1615
         724        1615
         725        1615
         726        1615
         727        1615
         728        1615
         729        1615
         730        1615
         731        1615
         732        1615
         733        1615
         734        1615
         735        1615
         736        1615
         737        1615
         738        1615
         739        1615
         740        1615
         741        1615
         742        1615
         743        1615
         722        1616
         723        1616
         724        1616
         725        1616
         726        1616
         727        1616
         728        1616
         729        1616
         730        1616
         731        1616
         732        1616
         733        1616
         734        1616
         735        1616
         736        1616
         737        1616
         738        1616
         739        1616
         740        1616
         741        1616
         742        1616
         743        1616
         744        1616
         723        1617
         724        1617
         725        1617
         726        1617
         727        1617
         728        1617
         729        1617
         730        1617
         731        1617
         732        1617
         733        1617
         734        1617
         735        1617
         736        1617
         737        1617
         738        1617
         739        1617
         740        1617
         741        1617
         742        1617
         743        1617
         744        1617
         723        1618
         724        1618
         725        1618
         726        1618
         727        1618
         728        1618
         729        1618
         730        1618
         731        1618
         732        1618
         733        1618
         734        1618
         735        1618
         736        1618
         737        1618
         738        1618
         739        1618
         740        1618
         741        1618
         742        1618
         743        1618
         744        1618
         745        1618
         724        1619
         725        1619
         726        1619
         727        1619
         728        1619
         729        1619
         730        1619
         731        1619
         732        1619
         733        1619
         734        1619
         735        1619
         736        1619
         737        1619
         738        1619
         739        1619
         740        1619
         741        1619
         742        1619
         743        1619
         744        1619
         745        1619
         724        1620
         725        1620
         726        1620
         727        1620
         728        1620
         729        1620
         730        1620
         731        1620
         732        1620
         733        1620
         734        1620
         735        1620
         736        1620
         737        1620
         738        1620
         739        1620
         740        1620
         741        1620
         742        1620
         743        1620
         744        1620
         745        1620
         725        1621
         726        1621
         727        1621
         728        1621
         729        1621
         730        1621
         731        1621
         732        1621
         733        1621
         734        1621
         735        1621
         736        1621
         737        1621
         738        1621
         739        1621
         740        1621
         741        1621
         742        1621
         743        1621
         744        1621
         745        1621
         746        1621
         725        1622
         726        1622
         727        1622
         728        1622
         729        1622
         730        1622
         731        1622
         732        1622
         733        1622
         734        1622
         735        1622
         736        1622
         737        1622
         738        1622
         739        1622
         740        1622
         741        1622
         742        1622
         743        1622
         744        1622
         745        1622
         746        1622
         726        1623
         727        1623
         728        1623
         729        1623
         730        1623
         731        1623
         732        1623
         733        1623
         734        1623
         735        1623
         736        1623
         737        1623
         738        1623
         739        1623
         740        1623
         741        1623
         742        1623
         743        1623
         744        1623
         745        1623
         746        1623
         747        1623
         726        1624
         727        1624
         728        1624
         729        1624
         730        1624
         731        1624
         732        1624
         733        1624
         734        1624
         735        1624
         736        1624
         737        1624
         738        1624
         739        1624
         740        1624
         741        1624
         742        1624
         743        1624
         744        1624
         745        1624
         746        1624
         727        1625
         728        1625
         729        1625
         730        1625
         731        1625
         732        1625
         733        1625
         734        1625
         735        1625
         736        1625
         737        1625
         738        1625
         739        1625
         740        1625
         741        1625
         742        1625
         743        1625
         744        1625
         727        1626
         728        1626
         729        1626
         730        1626
         731        1626
         732        1626
         733        1626
         734        1626
         735        1626
         736        1626
         737        1626
         738        1626
         739        1626
         740        1626
         741        1626
         728        1627
         729        1627
         730        1627
         731        1627
         732        1627
         733        1627
         734        1627
         735        1627
         736        1627
         737        1627
         738        1627
         739        1627
         728        1628
         729        1628
         730        1628
         731        1628
         732        1628
         733        1628
         734        1628
         735        1628
         736        1628
         737        1628
         729        1629
         730        1629
         731        1629
         732        1629
         733        1629
         734        1629
         735        1629
         729        1630
         730        1630
         731        1630
         732        1630
         730        1631
