         801        1340
         799        1341
         800        1341
         801        1341
         802        1341
         796        1342
         797        1342
         798        1342
         799        1342
         800        1342
         801        1342
         802        1342
         794        1343
         795        1343
         796        1343
         797        1343
         798        1343
         799        1343
         800        1343
         801        1343
         802        1343
         792        1344
         793        1344
         794        1344
         795        1344
         796        1344
         797        1344
         798        1344
         799        1344
         800        1344
         801        1344
         802        1344
         803        1344
         790        1345
         791        1345
         792        1345
         793        1345
         794        1345
         795        1345
         796        1345
         797        1345
         798        1345
         799        1345
         800        1345
         801        1345
         802        1345
         803        1345
         787        1346
         788        1346
         789        1346
         790        1346
         791        1346
         792        1346
         793        1346
         794        1346
         795        1346
         796        1346
         797        1346
         798        1346
         799        1346
         800        1346
         801        1346
         802        1346
         803        1346
         804        1346
         785        1347
         786        1347
         787        1347
         788        1347
         789        1347
         790        1347
         791        1347
         792        1347
         793        1347
         794        1347
         795        1347
         796        1347
         797        1347
         798        1347
         799        1347
         800        1347
         801        1347
         802        1347
         803        1347
         804        1347
         784        1348
         785        1348
         786        1348
         787        1348
         788        1348
         789        1348
         790        1348
         791        1348
         792        1348
         793        1348
         794        1348
         795        1348
         796        1348
         797        1348
         798        1348
         799        1348
         800        1348
         801        1348
         802        1348
         803        1348
         804        1348
         805        1348
         785        1349
         786        1349
         787        1349
         788        1349
         789        1349
         790        1349
         791        1349
         792        1349
         793        1349
         794        1349
         795        1349
         796        1349
         797        1349
         798        1349
         799        1349
         800        1349
         801        1349
         802        1349
         803        1349
         804        1349
         805        1349
         785        1350
         786        1350
         787        1350
         788        1350
         789        1350
         790        1350
         791        1350
         792        1350
         793        1350
         794        1350
         795        1350
         796        1350
         797        1350
         798        1350
         799        1350
         800        1350
         801        1350
         802        1350
         803        1350
         804        1350
         805        1350
         785        1351
         786        1351
         787        1351
         788        1351
         789        1351
         790        1351
         791        1351
         792        1351
         793        1351
         794        1351
         795        1351
         796        1351
         797        1351
         798        1351
         799        1351
         800        1351
         801        1351
         802        1351
         803        1351
         804        1351
         805        1351
         806        1351
         786        1352
         787        1352
         788        1352
         789        1352
         790        1352
         791        1352
         792        1352
         793        1352
         794        1352
         795        1352
         796        1352
         797        1352
         798        1352
         799        1352
         800        1352
         801        1352
         802        1352
         803        1352
         804        1352
         805        1352
         806        1352
         786        1353
         787        1353
         788        1353
         789        1353
         790        1353
         791        1353
         792        1353
         793        1353
         794        1353
         795        1353
         796        1353
         797        1353
         798        1353
         799        1353
         800        1353
         801        1353
         802        1353
         803        1353
         804        1353
         805        1353
         806        1353
         807        1353
         787        1354
         788        1354
         789        1354
         790        1354
         791        1354
         792        1354
         793        1354
         794        1354
         795        1354
         796        1354
         797        1354
         798        1354
         799        1354
         800        1354
         801        1354
         802        1354
         803        1354
         804        1354
         805        1354
         806        1354
         807        1354
         787        1355
         788        1355
         789        1355
         790        1355
         791        1355
         792        1355
         793        1355
         794        1355
         795        1355
         796        1355
         797        1355
         798        1355
         799        1355
         800        1355
         801        1355
         802        1355
         803        1355
         804        1355
         805        1355
         806        1355
         807        1355
         808        1355
         788        1356
         789        1356
         790        1356
         791        1356
         792        1356
         793        1356
         794        1356
         795        1356
         796        1356
         797        1356
         798        1356
         799        1356
         800        1356
         801        1356
         802        1356
         803        1356
         804        1356
         805        1356
         806        1356
         807        1356
         808        1356
         788        1357
         789        1357
         790        1357
         791        1357
         792        1357
         793        1357
         794        1357
         795        1357
         796        1357
         797        1357
         798        1357
         799        1357
         800        1357
         801        1357
         802        1357
         803        1357
         804        1357
         805        1357
         806        1357
         807        1357
         808        1357
         788        1358
         789        1358
         790        1358
         791        1358
         792        1358
         793        1358
         794        1358
         795        1358
         796        1358
         797        1358
         798        1358
         799        1358
         800        1358
         801        1358
         802        1358
         803        1358
         804        1358
         805        1358
         806        1358
         807        1358
         808        1358
         809        1358
         789        1359
         790        1359
         791        1359
         792        1359
         793        1359
         794        1359
         795        1359
         796        1359
         797        1359
         798        1359
         799        1359
         800        1359
         801        1359
         802        1359
         803        1359
         804        1359
         805        1359
         806        1359
         807        1359
         808        1359
         789        1360
         790        1360
         791        1360
         792        1360
         793        1360
         794        1360
         795        1360
         796        1360
         797        1360
         798        1360
         799        1360
         800        1360
         801        1360
         802        1360
         803        1360
         804        1360
         805        1360
         806        1360
         790        1361
         791        1361
         792        1361
         793        1361
         794        1361
         795        1361
         796        1361
         797        1361
         798        1361
         799        1361
         800        1361
         801        1361
         802        1361
         803        1361
         790        1362
         791        1362
         792        1362
         793        1362
         794        1362
         795        1362
         796        1362
         797        1362
         798        1362
         799        1362
         800        1362
         801        1362
         791        1363
         792        1363
         793        1363
         794        1363
         795        1363
         796        1363
         797        1363
         798        1363
         799        1363
         791        1364
         792        1364
         793        1364
         794        1364
         795        1364
         796        1364
         797        1364
         791        1365
         792        1365
         793        1365
         794        1365
         792        1366
