         684        1631
         682        1632
         683        1632
         684        1632
         685        1632
         679        1633
         680        1633
         681        1633
         682        1633
         683        1633
         684        1633
         685        1633
         677        1634
         678        1634
         679        1634
         680        1634
         681        1634
         682        1634
         683        1634
         684        1634
         685        1634
         686        1634
         675        1635
         676        1635
         677        1635
         678        1635
         679        1635
         680        1635
         681        1635
         682        1635
         683        1635
         684        1635
         685        1635
         686        1635
         673        1636
         674        1636
         675        1636
         676        1636
         677        1636
         678        1636
         679        1636
         680        1636
         681        1636
         682        1636
         683        1636
         684        1636
         685        1636
         686        1636
         687        1636
         670        1637
         671        1637
         672        1637
         673        1637
         674        1637
         675        1637
         676        1637
         677        1637
         678        1637
         679        1637
         680        1637
         681        1637
         682        1637
         683        1637
         684        1637
         685        1637
         686        1637
         687        1637
         668        1638
         669        1638
         670        1638
         671        1638
         672        1638
         673        1638
         674        1638
         675        1638
         676        1638
         677        1638
         678        1638
         679        1638
         680        1638
         681        1638
         682        1638
         683        1638
         684        1638
         685        1638
         686        1638
         687        1638
         688        1638
         667        1639
         668        1639
         669        1639
         670        1639
         671        1639
         672        1639
         673        1639
         674        1639
         675        1639
         676        1639
         677        1639
         678        1639
         679        1639
         680        1639
         681        1639
         682        1639
         683        1639
         684        1639
         685        1639
         686        1639
         687        1639
         688        1639
         668        1640
         669        1640
         670        1640
         671        1640
         672        1640
         673        1640
         674        1640
         675        1640
         676        1640
         677        1640
         678        1640
         679        1640
         680        1640
         681        1640
         682        1640
         683        1640
         684        1640
         685        1640
         686        1640
         687        1640
         688        1640
         689        1640
         668        1641
         669        1641
         670        1641
         671        1641
         672        1641
         673        1641
         674        1641
         675        1641
         676        1641
         677        1641
         678        1641
         679        1641
         680        1641
         681        1641
         682        1641
         683        1641
         684        1641
         685        1641
         686        1641
         687        1641
         688        1641
         689        1641
         669        1642
         670        1642
         671        1642
         672        1642
         673        1642
         674        1642
         675        1642
         676        1642
         677        1642
         678        1642
         679        1642
         680        1642
         681        1642
         682        1642
         683        1642
         684        1642
         685        1642
         686        1642
         687        1642
         688        1642
         689        1642
         690        1642
         669        1643
         670        1643
         671        1643
         672        1643
         673        1643
         674        1643
         675        1643
         676        1643
         677        1643
         678        1643
         679        1643
         680        1643
         681        1643
         682        1643
         683        1643
         684        1643
         685        1643
         686        1643
         687        1643
         688        1643
         689        1643
         690        1643
         670        1644
         671        1644
         672        1644
         673        1644
         674        1644
         675        1644
         676        1644
         677        1644
         678        1644
         679        1644
         680        1644
         681        1644
         682        1644
         683        1644
         684        1644
         685        1644
         686        1644
         687        1644
         688        1644
         689        1644
         690        1644
         691        1644
         670        1645
         671        1645
         672        1645
         673        1645
         674        1645
         675        1645
         676        1645
         677        1645
         678        1645
         679        1645
         680        1645
         681        1645
         682        1645
         683        1645
         684        1645
         685        1645
         686        1645
         687        1645
         688        1645
         689        1645
         690        1645
         691        1645
         671        1646
         672        1646
         673        1646
         674        1646
         675        1646
         676        1646
         677        1646
         678        1646
         679        1646
         680        1646
         681        1646
         682        1646
         683        1646
         684        1646
         685        1646
         686        1646
         687        1646
         688        1646
         689        1646
         690        1646
         691        1646
         692        1646
         671        1647
         672        1647
         673        1647
         674        1647
         675        1647
         676        1647
         677        1647
         678        1647
         679        1647
         680        1647
         681        1647
         682        1647
         683        1647
         684        1647
         685        1647
         686        1647
         687        1647
         688        1647
         689        1647
         690        1647
         691        1647
         692        1647
         672        1648
         673        1648
         674        1648
         675        1648
         676        1648
         677        1648
         678        1648
         679        1648
         680        1648
         681        1648
         682        1648
         683        1648
         684        1648
         685        1648
         686        1648
         687        1648
         688        1648
         689        1648
         690        1648
         691        1648
         692        1648
         693        1648
         672        1649
         673        1649
         674        1649
         675        1649
         676        1649
         677        1649
         678        1649
         679        1649
         680        1649
         681        1649
         682        1649
         683        1649
         684        1649
         685        1649
         686        1649
         687        1649
         688        1649
         689        1649
         690        1649
         691        1649
         692        1649
         673        1650
         674        1650
         675        1650
         676        1650
         677        1650
         678        1650
         679        1650
         680        1650
         681        1650
         682        1650
         683        1650
         684        1650
         685        1650
         686        1650
         687        1650
         688        1650
         689        1650
         690        1650
         673        1651
         674        1651
         675        1651
         676        1651
         677        1651
         678        1651
         679        1651
         680        1651
         681        1651
         682        1651
         683        1651
         684        1651
         685        1651
         686        1651
         687        1651
         674        1652
         675        1652
         676        1652
         677        1652
         678        1652
         679        1652
         680        1652
         681        1652
         682        1652
         683        1652
         684        1652
         685        1652
         674        1653
         675        1653
         676        1653
         677        1653
         678        1653
         679        1653
         680        1653
         681        1653
         682        1653
         683        1653
         675        1654
         676        1654
         677        1654
         678        1654
         679        1654
         680        1654
         681        1654
         675        1655
         676        1655
         677        1655
         678        1655
         676        1656
