         839        1493
         836        1494
         837        1494
         838        1494
         839        1494
         840        1494
         834        1495
         835        1495
         836        1495
         837        1495
         838        1495
         839        1495
         840        1495
         832        1496
         833        1496
         834        1496
         835        1496
         836        1496
         837        1496
         838        1496
         839        1496
         840        1496
         829        1497
         830        1497
         831        1497
         832        1497
         833        1497
         834        1497
         835        1497
         836        1497
         837        1497
         838        1497
         839        1497
         840        1497
         841        1497
         827        1498
         828        1498
         829        1498
         830        1498
         831        1498
         832        1498
         833        1498
         834        1498
         835        1498
         836        1498
         837        1498
         838        1498
         839        1498
         840        1498
         841        1498
         825        1499
         826        1499
         827        1499
         828        1499
         829        1499
         830        1499
         831        1499
         832        1499
         833        1499
         834        1499
         835        1499
         836        1499
         837        1499
         838        1499
         839        1499
         840        1499
         841        1499
         842        1499
         822        1500
         823        1500
         824        1500
         825        1500
         826        1500
         827        1500
         828        1500
         829        1500
         830        1500
         831        1500
         832        1500
         833        1500
         834        1500
         835        1500
         836        1500
         837        1500
         838        1500
         839        1500
         840        1500
         841        1500
         842        1500
         821        1501
         822        1501
         823        1501
         824        1501
         825        1501
         826        1501
         827        1501
         828        1501
         829        1501
         830        1501
         831        1501
         832        1501
         833        1501
         834        1501
         835        1501
         836        1501
         837        1501
         838        1501
         839        1501
         840        1501
         841        1501
         842        1501
         843        1501
         822        1502
         823        1502
         824        1502
         825        1502
         826        1502
         827        1502
         828        1502
         829        1502
         830        1502
         831        1502
         832        1502
         833        1502
         834        1502
         835        1502
         836        1502
         837        1502
         838        1502
         839        1502
         840        1502
         841        1502
         842        1502
         843        1502
         822        1503
         823        1503
         824        1503
         825        1503
         826        1503
         827        1503
         828        1503
         829        1503
         830        1503
         831        1503
         832        1503
         833        1503
         834        1503
         835        1503
         836        1503
         837        1503
         838        1503
         839        1503
         840        1503
         841        1503
         842        1503
         843        1503
         823        1504
         824        1504
         825        1504
         826        1504
         827        1504
         828        1504
         829        1504
         830        1504
         831        1504
         832        1504
         833        1504
         834        1504
         835        1504
         836        1504
         837        1504
         838        1504
         839        1504
         840        1504
         841        1504
         842        1504
         843        1504
         844        1504
         823        1505
         824        1505
         825        1505
         826        1505
         827        1505
         828        1505
         829        1505
         830        1505
         831        1505
         832        1505
         833        1505
         834        1505
         835        1505
         836        1505
         837        1505
         838        1505
         839        1505
         840        1505
         841        1505
         842        1505
         843        1505
         844        1505
         824        1506
         825        1506
         826        1506
         827        1506
         828        1506
         829        1506
         830        1506
         831        1506
         832        1506
         833        1506
         834        1506
         835        1506
         836        1506
         837        1506
         838        1506
         839        1506
         840        1506
         841        1506
         842        1506
         843        1506
         844        1506
         845        1506
         824        1507
         825        1507
         826        1507
         827        1507
         828        1507
         829        1507
         830        1507
         831        1507
         832        1507
         833        1507
         834        1507
         835        1507
         836        1507
         837        1507
         838        1507
         839        1507
         840        1507
         841        1507
         842        1507
         843        1507
         844        1507
         845        1507
         825        1508
         826        1508
         827        1508
         828        1508
         829        1508
         830        1508
         831        1508
         832        1508
         833        1508
         834        1508
         835        1508
         836        1508
         837        1508
         838        1508
         839        1508
         840        1508
         841        1508
         842        1508
         843        1508
         844        1508
         845        1508
         846        1508
         825        1509
         826        1509
         827        1509
         828        1509
         829        1509
         830        1509
         831        1509
         832        1509
         833        1509
         834        1509
         835        1509
         836        1509
         837        1509
         838        1509
         839        1509
         840        1509
         841        1509
         842        1509
         843        1509
         844        1509
         845        1509
         846        1509
         826        1510
         827        1510
         828        1510
         829        1510
         830        1510
         831        1510
         832        1510
         833        1510
         834        1510
         835        1510
         836        1510
         837        1510
         838        1510
         839        1510
         840        1510
         841        1510
         842        1510
         843        1510
         844        1510
         845        1510
         846        1510
         826        1511
         827        1511
         828        1511
         829        1511
         830        1511
         831        1511
         832        1511
         833        1511
         834        1511
         835        1511
         836        1511
         837        1511
         838        1511
         839        1511
         840        1511
         841        1511
         842        1511
         843        1511
         844        1511
         845        1511
         846        1511
         847        1511
         826        1512
         827        1512
         828        1512
         829        1512
         830        1512
         831        1512
         832        1512
         833        1512
         834        1512
         835        1512
         836        1512
         837        1512
         838        1512
         839        1512
         840        1512
         841        1512
         842        1512
         843        1512
         844        1512
         845        1512
         846        1512
         827        1513
         828        1513
         829        1513
         830        1513
         831        1513
         832        1513
         833        1513
         834        1513
         835        1513
         836        1513
         837        1513
         838        1513
         839        1513
         840        1513
         841        1513
         842        1513
         843        1513
         844        1513
         827        1514
         828        1514
         829        1514
         830        1514
         831        1514
         832        1514
         833        1514
         834        1514
         835        1514
         836        1514
         837        1514
         838        1514
         839        1514
         840        1514
         841        1514
         828        1515
         829        1515
         830        1515
         831        1515
         832        1515
         833        1515
         834        1515
         835        1515
         836        1515
         837        1515
         838        1515
         839        1515
         828        1516
         829        1516
         830        1516
         831        1516
         832        1516
         833        1516
         834        1516
         835        1516
         836        1516
         837        1516
         829        1517
         830        1517
         831        1517
         832        1517
         833        1517
         834        1517
         835        1517
         829        1518
         830        1518
         831        1518
         832        1518
         830        1519
