         747        1624
         745        1625
         746        1625
         747        1625
         748        1625
         742        1626
         743        1626
         744        1626
         745        1626
         746        1626
         747        1626
         748        1626
         740        1627
         741        1627
         742        1627
         743        1627
         744        1627
         745        1627
         746        1627
         747        1627
         748        1627
         749        1627
         738        1628
         739        1628
         740        1628
         741        1628
         742        1628
         743        1628
         744        1628
         745        1628
         746        1628
         747        1628
         748        1628
         749        1628
         736        1629
         737        1629
         738        1629
         739        1629
         740        1629
         741        1629
         742        1629
         743        1629
         744        1629
         745        1629
         746        1629
         747        1629
         748        1629
         749        1629
         750        1629
         733        1630
         734        1630
         735        1630
         736        1630
         737        1630
         738        1630
         739        1630
         740        1630
         741        1630
         742        1630
         743        1630
         744        1630
         745        1630
         746        1630
         747        1630
         748        1630
         749        1630
         750        1630
         731        1631
         732        1631
         733        1631
         734        1631
         735        1631
         736        1631
         737        1631
         738        1631
         739        1631
         740        1631
         741        1631
         742        1631
         743        1631
         744        1631
         745        1631
         746        1631
         747        1631
         748        1631
         749        1631
         750        1631
         751        1631
         730        1632
         731        1632
         732        1632
         733        1632
         734        1632
         735        1632
         736        1632
         737        1632
         738        1632
         739        1632
         740        1632
         741        1632
         742        1632
         743        1632
         744        1632
         745        1632
         746        1632
         747        1632
         748        1632
         749        1632
         750        1632
         751        1632
         731        1633
         732        1633
         733        1633
         734        1633
         735        1633
         736        1633
         737        1633
         738        1633
         739        1633
         740        1633
         741        1633
         742        1633
         743        1633
         744        1633
         745        1633
         746        1633
         747        1633
         748        1633
         749        1633
         750        1633
         751        1633
         752        1633
         731        1634
         732        1634
         733        1634
         734        1634
         735        1634
         736        1634
         737        1634
         738        1634
         739        1634
         740        1634
         741        1634
         742        1634
         743        1634
         744        1634
         745        1634
         746        1634
         747        1634
         748        1634
         749        1634
         750        1634
         751        1634
         752        1634
         732        1635
         733        1635
         734        1635
         735        1635
         736        1635
         737        1635
         738        1635
         739        1635
         740        1635
         741        1635
         742        1635
         743        1635
         744        1635
         745        1635
         746        1635
         747        1635
         748        1635
         749        1635
         750        1635
         751        1635
         752        1635
         753        1635
         732        1636
         733        1636
         734        1636
         735        1636
         736        1636
         737        1636
         738        1636
         739        1636
         740        1636
         741        1636
         742        1636
         743        1636
         744        1636
         745        1636
         746        1636
         747        1636
         748        1636
         749        1636
         750        1636
         751        1636
         752        1636
         753        1636
         733        1637
         734        1637
         735        1637
         736        1637
         737        1637
         738        1637
         739        1637
         740        1637
         741        1637
         742        1637
         743        1637
         744        1637
         745        1637
         746        1637
         747        1637
         748        1637
         749        1637
         750        1637
         751        1637
         752        1637
         753        1637
         754        1637
         733        1638
         734        1638
         735        1638
         736        1638
         737        1638
         738        1638
         739        1638
         740        1638
         741        1638
         742        1638
         743        1638
         744        1638
         745        1638
         746        1638
         747        1638
         748        1638
         749        1638
         750        1638
         751        1638
         752        1638
         753        1638
         754        1638
         734        1639
         735        1639
         736        1639
         737        1639
         738        1639
         739        1639
         740        1639
         741        1639
         742        1639
         743        1639
         744        1639
         745        1639
         746        1639
         747        1639
         748        1639
         749        1639
         750        1639
         751        1639
         752        1639
         753        1639
         754        1639
         755        1639
         734        1640
         735        1640
         736        1640
         737        1640
         738        1640
         739        1640
         740        1640
         741        1640
         742        1640
         743        1640
         744        1640
         745        1640
         746        1640
         747        1640
         748        1640
         749        1640
         750        1640
         751        1640
         752        1640
         753        1640
         754        1640
         755        1640
         735        1641
         736        1641
         737        1641
         738        1641
         739        1641
         740        1641
         741        1641
         742        1641
         743        1641
         744        1641
         745        1641
         746        1641
         747        1641
         748        1641
         749        1641
         750        1641
         751        1641
         752        1641
         753        1641
         754        1641
         755        1641
         756        1641
         735        1642
         736        1642
         737        1642
         738        1642
         739        1642
         740        1642
         741        1642
         742        1642
         743        1642
         744        1642
         745        1642
         746        1642
         747        1642
         748        1642
         749        1642
         750        1642
         751        1642
         752        1642
         753        1642
         754        1642
         755        1642
         736        1643
         737        1643
         738        1643
         739        1643
         740        1643
         741        1643
         742        1643
         743        1643
         744        1643
         745        1643
         746        1643
         747        1643
         748        1643
         749        1643
         750        1643
         751        1643
         752        1643
         753        1643
         736        1644
         737        1644
         738        1644
         739        1644
         740        1644
         741        1644
         742        1644
         743        1644
         744        1644
         745        1644
         746        1644
         747        1644
         748        1644
         749        1644
         750        1644
         737        1645
         738        1645
         739        1645
         740        1645
         741        1645
         742        1645
         743        1645
         744        1645
         745        1645
         746        1645
         747        1645
         748        1645
         737        1646
         738        1646
         739        1646
         740        1646
         741        1646
         742        1646
         743        1646
         744        1646
         745        1646
         746        1646
         738        1647
         739        1647
         740        1647
         741        1647
         742        1647
         743        1647
         744        1647
         738        1648
         739        1648
         740        1648
         741        1648
         739        1649
