         792        1268
         790        1269
         791        1269
         792        1269
         793        1269
         788        1270
         789        1270
         790        1270
         791        1270
         792        1270
         793        1270
         786        1271
         787        1271
         788        1271
         789        1271
         790        1271
         791        1271
         792        1271
         793        1271
         784        1272
         785        1272
         786        1272
         787        1272
         788        1272
         789        1272
         790        1272
         791        1272
         792        1272
         793        1272
         794        1272
         782        1273
         783        1273
         784        1273
         785        1273
         786        1273
         787        1273
         788        1273
         789        1273
         790        1273
         791        1273
         792        1273
         793        1273
         794        1273
         780        1274
         781        1274
         782        1274
         783        1274
         784        1274
         785        1274
         786        1274
         787        1274
         788        1274
         789        1274
         790        1274
         791        1274
         792        1274
         793        1274
         794        1274
         795        1274
         778        1275
         779        1275
         780        1275
         781        1275
         782        1275
         783        1275
         784        1275
         785        1275
         786        1275
         787        1275
         788        1275
         789        1275
         790        1275
         791        1275
         792        1275
         793        1275
         794        1275
         795        1275
         776        1276
         777        1276
         778        1276
         779        1276
         780        1276
         781        1276
         782        1276
         783        1276
         784        1276
         785        1276
         786        1276
         787        1276
         788        1276
         789        1276
         790        1276
         791        1276
         792        1276
         793        1276
         794        1276
         795        1276
         796        1276
         775        1277
         776        1277
         777        1277
         778        1277
         779        1277
         780        1277
         781        1277
         782        1277
         783        1277
         784        1277
         785        1277
         786        1277
         787        1277
         788        1277
         789        1277
         790        1277
         791        1277
         792        1277
         793        1277
         794        1277
         795        1277
         796        1277
         776        1278
         777        1278
         778        1278
         779        1278
         780        1278
         781        1278
         782        1278
         783        1278
         784        1278
         785        1278
         786        1278
         787        1278
         788        1278
         789        1278
         790        1278
         791        1278
         792        1278
         793        1278
         794        1278
         795        1278
         796        1278
         776        1279
         777        1279
         778        1279
         779        1279
         780        1279
         781        1279
         782        1279
         783        1279
         784        1279
         785        1279
         786        1279
         787        1279
         788        1279
         789        1279
         790        1279
         791        1279
         792        1279
         793        1279
         794        1279
         795        1279
         796        1279
         797        1279
         777        1280
         778        1280
         779        1280
         780        1280
         781        1280
         782        1280
         783        1280
         784        1280
         785        1280
         786        1280
         787        1280
         788        1280
         789        1280
         790        1280
         791        1280
         792        1280
         793        1280
         794        1280
         795        1280
         796        1280
         797        1280
         777        1281
         778        1281
         779        1281
         780        1281
         781        1281
         782        1281
         783        1281
         784        1281
         785        1281
         786        1281
         787        1281
         788        1281
         789        1281
         790        1281
         791        1281
         792        1281
         793        1281
         794        1281
         795        1281
         796        1281
         797        1281
         798        1281
         777        1282
         778        1282
         779        1282
         780        1282
         781        1282
         782        1282
         783        1282
         784        1282
         785        1282
         786        1282
         787        1282
         788        1282
         789        1282
         790        1282
         791        1282
         792        1282
         793        1282
         794        1282
         795        1282
         796        1282
         797        1282
         798        1282
         778        1283
         779        1283
         780        1283
         781        1283
         782        1283
         783        1283
         784        1283
         785        1283
         786        1283
         787        1283
         788        1283
         789        1283
         790        1283
         791        1283
         792        1283
         793        1283
         794        1283
         795        1283
         796        1283
         797        1283
         798        1283
         799        1283
         778        1284
         779        1284
         780        1284
         781        1284
         782        1284
         783        1284
         784        1284
         785        1284
         786        1284
         787        1284
         788        1284
         789        1284
         790        1284
         791        1284
         792        1284
         793        1284
         794        1284
         795        1284
         796        1284
         797        1284
         798        1284
         799        1284
         779        1285
         780        1285
         781        1285
         782        1285
         783        1285
         784        1285
         785        1285
         786        1285
         787        1285
         788        1285
         789        1285
         790        1285
         791        1285
         792        1285
         793        1285
         794        1285
         795        1285
         796        1285
         797        1285
         798        1285
         799        1285
         779        1286
         780        1286
         781        1286
         782        1286
         783        1286
         784        1286
         785        1286
         786        1286
         787        1286
         788        1286
         789        1286
         790        1286
         791        1286
         792        1286
         793        1286
         794        1286
         795        1286
         796        1286
         797        1286
         798        1286
         799        1286
         800        1286
         780        1287
         781        1287
         782        1287
         783        1287
         784        1287
         785        1287
         786        1287
         787        1287
         788        1287
         789        1287
         790        1287
         791        1287
         792        1287
         793        1287
         794        1287
         795        1287
         796        1287
         797        1287
         798        1287
         799        1287
         780        1288
         781        1288
         782        1288
         783        1288
         784        1288
         785        1288
         786        1288
         787        1288
         788        1288
         789        1288
         790        1288
         791        1288
         792        1288
         793        1288
         794        1288
         795        1288
         796        1288
         797        1288
         781        1289
         782        1289
         783        1289
         784        1289
         785        1289
         786        1289
         787        1289
         788        1289
         789        1289
         790        1289
         791        1289
         792        1289
         793        1289
         794        1289
         781        1290
         782        1290
         783        1290
         784        1290
         785        1290
         786        1290
         787        1290
         788        1290
         789        1290
         790        1290
         791        1290
         792        1290
         781        1291
         782        1291
         783        1291
         784        1291
         785        1291
         786        1291
         787        1291
         788        1291
         789        1291
         790        1291
         782        1292
         783        1292
         784        1292
         785        1292
         786        1292
         787        1292
         788        1292
         782        1293
         783        1293
         784        1293
         785        1293
         783        1294
