         882        1327
         880        1328
         881        1328
         882        1328
         883        1328
         877        1329
         878        1329
         879        1329
         880        1329
         881        1329
         882        1329
         883        1329
         875        1330
         876        1330
         877        1330
         878        1330
         879        1330
         880        1330
         881        1330
         882        1330
         883        1330
         884        1330
         873        1331
         874        1331
         875        1331
         876        1331
         877        1331
         878        1331
         879        1331
         880        1331
         881        1331
         882        1331
         883        1331
         884        1331
         871        1332
         872        1332
         873        1332
         874        1332
         875        1332
         876        1332
         877        1332
         878        1332
         879        1332
         880        1332
         881        1332
         882        1332
         883        1332
         884        1332
         868        1333
         869        1333
         870        1333
         871        1333
         872        1333
         873        1333
         874        1333
         875        1333
         876        1333
         877        1333
         878        1333
         879        1333
         880        1333
         881        1333
         882        1333
         883        1333
         884        1333
         885        1333
         866        1334
         867        1334
         868        1334
         869        1334
         870        1334
         871        1334
         872        1334
         873        1334
         874        1334
         875        1334
         876        1334
         877        1334
         878        1334
         879        1334
         880        1334
         881        1334
         882        1334
         883        1334
         884        1334
         885        1334
         865        1335
         866        1335
         867        1335
         868        1335
         869        1335
         870        1335
         871        1335
         872        1335
         873        1335
         874        1335
         875        1335
         876        1335
         877        1335
         878        1335
         879        1335
         880        1335
         881        1335
         882        1335
         883        1335
         884        1335
         885        1335
         886        1335
         866        1336
         867        1336
         868        1336
         869        1336
         870        1336
         871        1336
         872        1336
         873        1336
         874        1336
         875        1336
         876        1336
         877        1336
         878        1336
         879        1336
         880        1336
         881        1336
         882        1336
         883        1336
         884        1336
         885        1336
         886        1336
         866        1337
         867        1337
         868        1337
         869        1337
         870        1337
         871        1337
         872        1337
         873        1337
         874        1337
         875        1337
         876        1337
         877        1337
         878        1337
         879        1337
         880        1337
         881        1337
         882        1337
         883        1337
         884        1337
         885        1337
         886        1337
         887        1337
         867        1338
         868        1338
         869        1338
         870        1338
         871        1338
         872        1338
         873        1338
         874        1338
         875        1338
         876        1338
         877        1338
         878        1338
         879        1338
         880        1338
         881        1338
         882        1338
         883        1338
         884        1338
         885        1338
         886        1338
         887        1338
         867        1339
         868        1339
         869        1339
         870        1339
         871        1339
         872        1339
         873        1339
         874        1339
         875        1339
         876        1339
         877        1339
         878        1339
         879        1339
         880        1339
         881        1339
         882        1339
         883        1339
         884        1339
         885        1339
         886        1339
         887        1339
         888        1339
         867        1340
         868        1340
         869        1340
         870        1340
         871        1340
         872        1340
         873        1340
         874        1340
         875        1340
         876        1340
         877        1340
         878        1340
         879        1340
         880        1340
         881        1340
         882        1340
         883        1340
         884        1340
         885        1340
         886        1340
         887        1340
         888        1340
         868        1341
         869        1341
         870        1341
         871        1341
         872        1341
         873        1341
         874        1341
         875        1341
         876        1341
         877        1341
         878        1341
         879        1341
         880        1341
         881        1341
         882        1341
         883        1341
         884        1341
         885        1341
         886        1341
         887        1341
         888        1341
         868        1342
         869        1342
         870        1342
         871        1342
         872        1342
         873        1342
         874        1342
         875        1342
         876        1342
         877        1342
         878        1342
         879        1342
         880        1342
         881        1342
         882        1342
         883        1342
         884        1342
         885        1342
         886        1342
         887        1342
         888        1342
         889        1342
         869        1343
         870        1343
         871        1343
         872        1343
         873        1343
         874        1343
         875        1343
         876        1343
         877        1343
         878        1343
         879        1343
         880        1343
         881        1343
         882        1343
         883        1343
         884        1343
         885        1343
         886        1343
         887        1343
         888        1343
         889        1343
         869        1344
         870        1344
         871        1344
         872        1344
         873        1344
         874        1344
         875        1344
         876        1344
         877        1344
         878        1344
         879        1344
         880        1344
         881        1344
         882        1344
         883        1344
         884        1344
         885        1344
         886        1344
         887        1344
         888        1344
         889        1344
         890        1344
         870        1345
         871        1345
         872        1345
         873        1345
         874        1345
         875        1345
         876        1345
         877        1345
         878        1345
         879        1345
         880        1345
         881        1345
         882        1345
         883        1345
         884        1345
         885        1345
         886        1345
         887        1345
         888        1345
         889        1345
         870        1346
         871        1346
         872        1346
         873        1346
         874        1346
         875        1346
         876        1346
         877        1346
         878        1346
         879        1346
         880        1346
         881        1346
         882        1346
         883        1346
         884        1346
         885        1346
         886        1346
         887        1346
         871        1347
         872        1347
         873        1347
         874        1347
         875        1347
         876        1347
         877        1347
         878        1347
         879        1347
         880        1347
         881        1347
         882        1347
         883        1347
         884        1347
         871        1348
         872        1348
         873        1348
         874        1348
         875        1348
         876        1348
         877        1348
         878        1348
         879        1348
         880        1348
         881        1348
         882        1348
         871        1349
         872        1349
         873        1349
         874        1349
         875        1349
         876        1349
         877        1349
         878        1349
         879        1349
         880        1349
         872        1350
         873        1350
         874        1350
         875        1350
         876        1350
         877        1350
         878        1350
         872        1351
         873        1351
         874        1351
         875        1351
         873        1352
