         864        1335
         862        1336
         863        1336
         864        1336
         865        1336
         859        1337
         860        1337
         861        1337
         862        1337
         863        1337
         864        1337
         865        1337
         857        1338
         858        1338
         859        1338
         860        1338
         861        1338
         862        1338
         863        1338
         864        1338
         865        1338
         866        1338
         855        1339
         856        1339
         857        1339
         858        1339
         859        1339
         860        1339
         861        1339
         862        1339
         863        1339
         864        1339
         865        1339
         866        1339
         853        1340
         854        1340
         855        1340
         856        1340
         857        1340
         858        1340
         859        1340
         860        1340
         861        1340
         862        1340
         863        1340
         864        1340
         865        1340
         866        1340
         850        1341
         851        1341
         852        1341
         853        1341
         854        1341
         855        1341
         856        1341
         857        1341
         858        1341
         859        1341
         860        1341
         861        1341
         862        1341
         863        1341
         864        1341
         865        1341
         866        1341
         867        1341
         848        1342
         849        1342
         850        1342
         851        1342
         852        1342
         853        1342
         854        1342
         855        1342
         856        1342
         857        1342
         858        1342
         859        1342
         860        1342
         861        1342
         862        1342
         863        1342
         864        1342
         865        1342
         866        1342
         867        1342
         847        1343
         848        1343
         849        1343
         850        1343
         851        1343
         852        1343
         853        1343
         854        1343
         855        1343
         856        1343
         857        1343
         858        1343
         859        1343
         860        1343
         861        1343
         862        1343
         863        1343
         864        1343
         865        1343
         866        1343
         867        1343
         868        1343
         848        1344
         849        1344
         850        1344
         851        1344
         852        1344
         853        1344
         854        1344
         855        1344
         856        1344
         857        1344
         858        1344
         859        1344
         860        1344
         861        1344
         862        1344
         863        1344
         864        1344
         865        1344
         866        1344
         867        1344
         868        1344
         848        1345
         849        1345
         850        1345
         851        1345
         852        1345
         853        1345
         854        1345
         855        1345
         856        1345
         857        1345
         858        1345
         859        1345
         860        1345
         861        1345
         862        1345
         863        1345
         864        1345
         865        1345
         866        1345
         867        1345
         868        1345
         869        1345
         849        1346
         850        1346
         851        1346
         852        1346
         853        1346
         854        1346
         855        1346
         856        1346
         857        1346
         858        1346
         859        1346
         860        1346
         861        1346
         862        1346
         863        1346
         864        1346
         865        1346
         866        1346
         867        1346
         868        1346
         869        1346
         849        1347
         850        1347
         851        1347
         852        1347
         853        1347
         854        1347
         855        1347
         856        1347
         857        1347
         858        1347
         859        1347
         860        1347
         861        1347
         862        1347
         863        1347
         864        1347
         865        1347
         866        1347
         867        1347
         868        1347
         869        1347
         870        1347
         849        1348
         850        1348
         851        1348
         852        1348
         853        1348
         854        1348
         855        1348
         856        1348
         857        1348
         858        1348
         859        1348
         860        1348
         861        1348
         862        1348
         863        1348
         864        1348
         865        1348
         866        1348
         867        1348
         868        1348
         869        1348
         870        1348
         850        1349
         851        1349
         852        1349
         853        1349
         854        1349
         855        1349
         856        1349
         857        1349
         858        1349
         859        1349
         860        1349
         861        1349
         862        1349
         863        1349
         864        1349
         865        1349
         866        1349
         867        1349
         868        1349
         869        1349
         870        1349
         850        1350
         851        1350
         852        1350
         853        1350
         854        1350
         855        1350
         856        1350
         857        1350
         858        1350
         859        1350
         860        1350
         861        1350
         862        1350
         863        1350
         864        1350
         865        1350
         866        1350
         867        1350
         868        1350
         869        1350
         870        1350
         871        1350
         851        1351
         852        1351
         853        1351
         854        1351
         855        1351
         856        1351
         857        1351
         858        1351
         859        1351
         860        1351
         861        1351
         862        1351
         863        1351
         864        1351
         865        1351
         866        1351
         867        1351
         868        1351
         869        1351
         870        1351
         871        1351
         851        1352
         852        1352
         853        1352
         854        1352
         855        1352
         856        1352
         857        1352
         858        1352
         859        1352
         860        1352
         861        1352
         862        1352
         863        1352
         864        1352
         865        1352
         866        1352
         867        1352
         868        1352
         869        1352
         870        1352
         871        1352
         872        1352
         852        1353
         853        1353
         854        1353
         855        1353
         856        1353
         857        1353
         858        1353
         859        1353
         860        1353
         861        1353
         862        1353
         863        1353
         864        1353
         865        1353
         866        1353
         867        1353
         868        1353
         869        1353
         870        1353
         871        1353
         852        1354
         853        1354
         854        1354
         855        1354
         856        1354
         857        1354
         858        1354
         859        1354
         860        1354
         861        1354
         862        1354
         863        1354
         864        1354
         865        1354
         866        1354
         867        1354
         868        1354
         869        1354
         853        1355
         854        1355
         855        1355
         856        1355
         857        1355
         858        1355
         859        1355
         860        1355
         861        1355
         862        1355
         863        1355
         864        1355
         865        1355
         866        1355
         853        1356
         854        1356
         855        1356
         856        1356
         857        1356
         858        1356
         859        1356
         860        1356
         861        1356
         862        1356
         863        1356
         864        1356
         853        1357
         854        1357
         855        1357
         856        1357
         857        1357
         858        1357
         859        1357
         860        1357
         861        1357
         862        1357
         854        1358
         855        1358
         856        1358
         857        1358
         858        1358
         859        1358
         860        1358
         854        1359
         855        1359
         856        1359
         857        1359
         855        1360
