         850        1421
         847        1422
         848        1422
         849        1422
         850        1422
         851        1422
         845        1423
         846        1423
         847        1423
         848        1423
         849        1423
         850        1423
         851        1423
         843        1424
         844        1424
         845        1424
         846        1424
         847        1424
         848        1424
         849        1424
         850        1424
         851        1424
         840        1425
         841        1425
         842        1425
         843        1425
         844        1425
         845        1425
         846        1425
         847        1425
         848        1425
         849        1425
         850        1425
         851        1425
         852        1425
         838        1426
         839        1426
         840        1426
         841        1426
         842        1426
         843        1426
         844        1426
         845        1426
         846        1426
         847        1426
         848        1426
         849        1426
         850        1426
         851        1426
         852        1426
         836        1427
         837        1427
         838        1427
         839        1427
         840        1427
         841        1427
         842        1427
         843        1427
         844        1427
         845        1427
         846        1427
         847        1427
         848        1427
         849        1427
         850        1427
         851        1427
         852        1427
         853        1427
         833        1428
         834        1428
         835        1428
         836        1428
         837        1428
         838        1428
         839        1428
         840        1428
         841        1428
         842        1428
         843        1428
         844        1428
         845        1428
         846        1428
         847        1428
         848        1428
         849        1428
         850        1428
         851        1428
         852        1428
         853        1428
         832        1429
         833        1429
         834        1429
         835        1429
         836        1429
         837        1429
         838        1429
         839        1429
         840        1429
         841        1429
         842        1429
         843        1429
         844        1429
         845        1429
         846        1429
         847        1429
         848        1429
         849        1429
         850        1429
         851        1429
         852        1429
         853        1429
         854        1429
         833        1430
         834        1430
         835        1430
         836        1430
         837        1430
         838        1430
         839        1430
         840        1430
         841        1430
         842        1430
         843        1430
         844        1430
         845        1430
         846        1430
         847        1430
         848        1430
         849        1430
         850        1430
         851        1430
         852        1430
         853        1430
         854        1430
         833        1431
         834        1431
         835        1431
         836        1431
         837        1431
         838        1431
         839        1431
         840        1431
         841        1431
         842        1431
         843        1431
         844        1431
         845        1431
         846        1431
         847        1431
         848        1431
         849        1431
         850        1431
         851        1431
         852        1431
         853        1431
         854        1431
         833        1432
         834        1432
         835        1432
         836        1432
         837        1432
         838        1432
         839        1432
         840        1432
         841        1432
         842        1432
         843        1432
         844        1432
         845        1432
         846        1432
         847        1432
         848        1432
         849        1432
         850        1432
         851        1432
         852        1432
         853        1432
         854        1432
         855        1432
         834        1433
         835        1433
         836        1433
         837        1433
         838        1433
         839        1433
         840        1433
         841        1433
         842        1433
         843        1433
         844        1433
         845        1433
         846        1433
         847        1433
         848        1433
         849        1433
         850        1433
         851        1433
         852        1433
         853        1433
         854        1433
         855        1433
         834        1434
         835        1434
         836        1434
         837        1434
         838        1434
         839        1434
         840        1434
         841        1434
         842        1434
         843        1434
         844        1434
         845        1434
         846        1434
         847        1434
         848        1434
         849        1434
         850        1434
         851        1434
         852        1434
         853        1434
         854        1434
         855        1434
         856        1434
         835        1435
         836        1435
         837        1435
         838        1435
         839        1435
         840        1435
         841        1435
         842        1435
         843        1435
         844        1435
         845        1435
         846        1435
         847        1435
         848        1435
         849        1435
         850        1435
         851        1435
         852        1435
         853        1435
         854        1435
         855        1435
         856        1435
         835        1436
         836        1436
         837        1436
         838        1436
         839        1436
         840        1436
         841        1436
         842        1436
         843        1436
         844        1436
         845        1436
         846        1436
         847        1436
         848        1436
         849        1436
         850        1436
         851        1436
         852        1436
         853        1436
         854        1436
         855        1436
         856        1436
         857        1436
         836        1437
         837        1437
         838        1437
         839        1437
         840        1437
         841        1437
         842        1437
         843        1437
         844        1437
         845        1437
         846        1437
         847        1437
         848        1437
         849        1437
         850        1437
         851        1437
         852        1437
         853        1437
         854        1437
         855        1437
         856        1437
         857        1437
         836        1438
         837        1438
         838        1438
         839        1438
         840        1438
         841        1438
         842        1438
         843        1438
         844        1438
         845        1438
         846        1438
         847        1438
         848        1438
         849        1438
         850        1438
         851        1438
         852        1438
         853        1438
         854        1438
         855        1438
         856        1438
         857        1438
         836        1439
         837        1439
         838        1439
         839        1439
         840        1439
         841        1439
         842        1439
         843        1439
         844        1439
         845        1439
         846        1439
         847        1439
         848        1439
         849        1439
         850        1439
         851        1439
         852        1439
         853        1439
         854        1439
         855        1439
         856        1439
         857        1439
         858        1439
         837        1440
         838        1440
         839        1440
         840        1440
         841        1440
         842        1440
         843        1440
         844        1440
         845        1440
         846        1440
         847        1440
         848        1440
         849        1440
         850        1440
         851        1440
         852        1440
         853        1440
         854        1440
         855        1440
         856        1440
         857        1440
         837        1441
         838        1441
         839        1441
         840        1441
         841        1441
         842        1441
         843        1441
         844        1441
         845        1441
         846        1441
         847        1441
         848        1441
         849        1441
         850        1441
         851        1441
         852        1441
         853        1441
         854        1441
         838        1442
         839        1442
         840        1442
         841        1442
         842        1442
         843        1442
         844        1442
         845        1442
         846        1442
         847        1442
         848        1442
         849        1442
         850        1442
         851        1442
         852        1442
         838        1443
         839        1443
         840        1443
         841        1443
         842        1443
         843        1443
         844        1443
         845        1443
         846        1443
         847        1443
         848        1443
         849        1443
         850        1443
         839        1444
         840        1444
         841        1444
         842        1444
         843        1444
         844        1444
         845        1444
         846        1444
         847        1444
         839        1445
         840        1445
         841        1445
         842        1445
         843        1445
         844        1445
         845        1445
         839        1446
         840        1446
         841        1446
         842        1446
         843        1446
         840        1447
