         940        1311
         937        1312
         938        1312
         939        1312
         940        1312
         941        1312
         935        1313
         936        1313
         937        1313
         938        1313
         939        1313
         940        1313
         941        1313
         933        1314
         934        1314
         935        1314
         936        1314
         937        1314
         938        1314
         939        1314
         940        1314
         941        1314
         930        1315
         931        1315
         932        1315
         933        1315
         934        1315
         935        1315
         936        1315
         937        1315
         938        1315
         939        1315
         940        1315
         941        1315
         942        1315
         928        1316
         929        1316
         930        1316
         931        1316
         932        1316
         933        1316
         934        1316
         935        1316
         936        1316
         937        1316
         938        1316
         939        1316
         940        1316
         941        1316
         942        1316
         926        1317
         927        1317
         928        1317
         929        1317
         930        1317
         931        1317
         932        1317
         933        1317
         934        1317
         935        1317
         936        1317
         937        1317
         938        1317
         939        1317
         940        1317
         941        1317
         942        1317
         923        1318
         924        1318
         925        1318
         926        1318
         927        1318
         928        1318
         929        1318
         930        1318
         931        1318
         932        1318
         933        1318
         934        1318
         935        1318
         936        1318
         937        1318
         938        1318
         939        1318
         940        1318
         941        1318
         942        1318
         943        1318
         922        1319
         923        1319
         924        1319
         925        1319
         926        1319
         927        1319
         928        1319
         929        1319
         930        1319
         931        1319
         932        1319
         933        1319
         934        1319
         935        1319
         936        1319
         937        1319
         938        1319
         939        1319
         940        1319
         941        1319
         942        1319
         943        1319
         923        1320
         924        1320
         925        1320
         926        1320
         927        1320
         928        1320
         929        1320
         930        1320
         931        1320
         932        1320
         933        1320
         934        1320
         935        1320
         936        1320
         937        1320
         938        1320
         939        1320
         940        1320
         941        1320
         942        1320
         943        1320
         923        1321
         924        1321
         925        1321
         926        1321
         927        1321
         928        1321
         929        1321
         930        1321
         931        1321
         932        1321
         933        1321
         934        1321
         935        1321
         936        1321
         937        1321
         938        1321
         939        1321
         940        1321
         941        1321
         942        1321
         943        1321
         944        1321
         924        1322
         925        1322
         926        1322
         927        1322
         928        1322
         929        1322
         930        1322
         931        1322
         932        1322
         933        1322
         934        1322
         935        1322
         936        1322
         937        1322
         938        1322
         939        1322
         940        1322
         941        1322
         942        1322
         943        1322
         944        1322
         924        1323
         925        1323
         926        1323
         927        1323
         928        1323
         929        1323
         930        1323
         931        1323
         932        1323
         933        1323
         934        1323
         935        1323
         936        1323
         937        1323
         938        1323
         939        1323
         940        1323
         941        1323
         942        1323
         943        1323
         944        1323
         945        1323
         924        1324
         925        1324
         926        1324
         927        1324
         928        1324
         929        1324
         930        1324
         931        1324
         932        1324
         933        1324
         934        1324
         935        1324
         936        1324
         937        1324
         938        1324
         939        1324
         940        1324
         941        1324
         942        1324
         943        1324
         944        1324
         945        1324
         925        1325
         926        1325
         927        1325
         928        1325
         929        1325
         930        1325
         931        1325
         932        1325
         933        1325
         934        1325
         935        1325
         936        1325
         937        1325
         938        1325
         939        1325
         940        1325
         941        1325
         942        1325
         943        1325
         944        1325
         945        1325
         925        1326
         926        1326
         927        1326
         928        1326
         929        1326
         930        1326
         931        1326
         932        1326
         933        1326
         934        1326
         935        1326
         936        1326
         937        1326
         938        1326
         939        1326
         940        1326
         941        1326
         942        1326
         943        1326
         944        1326
         945        1326
         946        1326
         926        1327
         927        1327
         928        1327
         929        1327
         930        1327
         931        1327
         932        1327
         933        1327
         934        1327
         935        1327
         936        1327
         937        1327
         938        1327
         939        1327
         940        1327
         941        1327
         942        1327
         943        1327
         944        1327
         945        1327
         946        1327
         926        1328
         927        1328
         928        1328
         929        1328
         930        1328
         931        1328
         932        1328
         933        1328
         934        1328
         935        1328
         936        1328
         937        1328
         938        1328
         939        1328
         940        1328
         941        1328
         942        1328
         943        1328
         944        1328
         945        1328
         946        1328
         927        1329
         928        1329
         929        1329
         930        1329
         931        1329
         932        1329
         933        1329
         934        1329
         935        1329
         936        1329
         937        1329
         938        1329
         939        1329
         940        1329
         941        1329
         942        1329
         943        1329
         944        1329
         945        1329
         946        1329
         947        1329
         927        1330
         928        1330
         929        1330
         930        1330
         931        1330
         932        1330
         933        1330
         934        1330
         935        1330
         936        1330
         937        1330
         938        1330
         939        1330
         940        1330
         941        1330
         942        1330
         943        1330
         944        1330
         945        1330
         946        1330
         928        1331
         929        1331
         930        1331
         931        1331
         932        1331
         933        1331
         934        1331
         935        1331
         936        1331
         937        1331
         938        1331
         939        1331
         940        1331
         941        1331
         942        1331
         943        1331
         928        1332
         929        1332
         930        1332
         931        1332
         932        1332
         933        1332
         934        1332
         935        1332
         936        1332
         937        1332
         938        1332
         939        1332
         940        1332
         941        1332
         928        1333
         929        1333
         930        1333
         931        1333
         932        1333
         933        1333
         934        1333
         935        1333
         936        1333
         937        1333
         938        1333
         929        1334
         930        1334
         931        1334
         932        1334
         933        1334
         934        1334
         935        1334
         929        1335
         930        1335
         931        1335
         932        1335
         933        1335
         930        1336
