         841        1403
         839        1404
         840        1404
         841        1404
         842        1404
         836        1405
         837        1405
         838        1405
         839        1405
         840        1405
         841        1405
         842        1405
         834        1406
         835        1406
         836        1406
         837        1406
         838        1406
         839        1406
         840        1406
         841        1406
         842        1406
         843        1406
         832        1407
         833        1407
         834        1407
         835        1407
         836        1407
         837        1407
         838        1407
         839        1407
         840        1407
         841        1407
         842        1407
         843        1407
         830        1408
         831        1408
         832        1408
         833        1408
         834        1408
         835        1408
         836        1408
         837        1408
         838        1408
         839        1408
         840        1408
         841        1408
         842        1408
         843        1408
         827        1409
         828        1409
         829        1409
         830        1409
         831        1409
         832        1409
         833        1409
         834        1409
         835        1409
         836        1409
         837        1409
         838        1409
         839        1409
         840        1409
         841        1409
         842        1409
         843        1409
         844        1409
         825        1410
         826        1410
         827        1410
         828        1410
         829        1410
         830        1410
         831        1410
         832        1410
         833        1410
         834        1410
         835        1410
         836        1410
         837        1410
         838        1410
         839        1410
         840        1410
         841        1410
         842        1410
         843        1410
         844        1410
         824        1411
         825        1411
         826        1411
         827        1411
         828        1411
         829        1411
         830        1411
         831        1411
         832        1411
         833        1411
         834        1411
         835        1411
         836        1411
         837        1411
         838        1411
         839        1411
         840        1411
         841        1411
         842        1411
         843        1411
         844        1411
         845        1411
         825        1412
         826        1412
         827        1412
         828        1412
         829        1412
         830        1412
         831        1412
         832        1412
         833        1412
         834        1412
         835        1412
         836        1412
         837        1412
         838        1412
         839        1412
         840        1412
         841        1412
         842        1412
         843        1412
         844        1412
         845        1412
         825        1413
         826        1413
         827        1413
         828        1413
         829        1413
         830        1413
         831        1413
         832        1413
         833        1413
         834        1413
         835        1413
         836        1413
         837        1413
         838        1413
         839        1413
         840        1413
         841        1413
         842        1413
         843        1413
         844        1413
         845        1413
         846        1413
         826        1414
         827        1414
         828        1414
         829        1414
         830        1414
         831        1414
         832        1414
         833        1414
         834        1414
         835        1414
         836        1414
         837        1414
         838        1414
         839        1414
         840        1414
         841        1414
         842        1414
         843        1414
         844        1414
         845        1414
         846        1414
         826        1415
         827        1415
         828        1415
         829        1415
         830        1415
         831        1415
         832        1415
         833        1415
         834        1415
         835        1415
         836        1415
         837        1415
         838        1415
         839        1415
         840        1415
         841        1415
         842        1415
         843        1415
         844        1415
         845        1415
         846        1415
         847        1415
         826        1416
         827        1416
         828        1416
         829        1416
         830        1416
         831        1416
         832        1416
         833        1416
         834        1416
         835        1416
         836        1416
         837        1416
         838        1416
         839        1416
         840        1416
         841        1416
         842        1416
         843        1416
         844        1416
         845        1416
         846        1416
         847        1416
         827        1417
         828        1417
         829        1417
         830        1417
         831        1417
         832        1417
         833        1417
         834        1417
         835        1417
         836        1417
         837        1417
         838        1417
         839        1417
         840        1417
         841        1417
         842        1417
         843        1417
         844        1417
         845        1417
         846        1417
         847        1417
         827        1418
         828        1418
         829        1418
         830        1418
         831        1418
         832        1418
         833        1418
         834        1418
         835        1418
         836        1418
         837        1418
         838        1418
         839        1418
         840        1418
         841        1418
         842        1418
         843        1418
         844        1418
         845        1418
         846        1418
         847        1418
         848        1418
         828        1419
         829        1419
         830        1419
         831        1419
         832        1419
         833        1419
         834        1419
         835        1419
         836        1419
         837        1419
         838        1419
         839        1419
         840        1419
         841        1419
         842        1419
         843        1419
         844        1419
         845        1419
         846        1419
         847        1419
         848        1419
         828        1420
         829        1420
         830        1420
         831        1420
         832        1420
         833        1420
         834        1420
         835        1420
         836        1420
         837        1420
         838        1420
         839        1420
         840        1420
         841        1420
         842        1420
         843        1420
         844        1420
         845        1420
         846        1420
         847        1420
         848        1420
         849        1420
         829        1421
         830        1421
         831        1421
         832        1421
         833        1421
         834        1421
         835        1421
         836        1421
         837        1421
         838        1421
         839        1421
         840        1421
         841        1421
         842        1421
         843        1421
         844        1421
         845        1421
         846        1421
         847        1421
         848        1421
         829        1422
         830        1422
         831        1422
         832        1422
         833        1422
         834        1422
         835        1422
         836        1422
         837        1422
         838        1422
         839        1422
         840        1422
         841        1422
         842        1422
         843        1422
         844        1422
         845        1422
         846        1422
         830        1423
         831        1423
         832        1423
         833        1423
         834        1423
         835        1423
         836        1423
         837        1423
         838        1423
         839        1423
         840        1423
         841        1423
         842        1423
         843        1423
         830        1424
         831        1424
         832        1424
         833        1424
         834        1424
         835        1424
         836        1424
         837        1424
         838        1424
         839        1424
         840        1424
         841        1424
         830        1425
         831        1425
         832        1425
         833        1425
         834        1425
         835        1425
         836        1425
         837        1425
         838        1425
         839        1425
         831        1426
         832        1426
         833        1426
         834        1426
         835        1426
         836        1426
         837        1426
         831        1427
         832        1427
         833        1427
         834        1427
         832        1428
