         764        1660
         762        1661
         763        1661
         764        1661
         765        1661
         760        1662
         761        1662
         762        1662
         763        1662
         764        1662
         765        1662
         758        1663
         759        1663
         760        1663
         761        1663
         762        1663
         763        1663
         764        1663
         765        1663
         766        1663
         756        1664
         757        1664
         758        1664
         759        1664
         760        1664
         761        1664
         762        1664
         763        1664
         764        1664
         765        1664
         766        1664
         754        1665
         755        1665
         756        1665
         757        1665
         758        1665
         759        1665
         760        1665
         761        1665
         762        1665
         763        1665
         764        1665
         765        1665
         766        1665
         752        1666
         753        1666
         754        1666
         755        1666
         756        1666
         757        1666
         758        1666
         759        1666
         760        1666
         761        1666
         762        1666
         763        1666
         764        1666
         765        1666
         766        1666
         767        1666
         750        1667
         751        1667
         752        1667
         753        1667
         754        1667
         755        1667
         756        1667
         757        1667
         758        1667
         759        1667
         760        1667
         761        1667
         762        1667
         763        1667
         764        1667
         765        1667
         766        1667
         767        1667
         748        1668
         749        1668
         750        1668
         751        1668
         752        1668
         753        1668
         754        1668
         755        1668
         756        1668
         757        1668
         758        1668
         759        1668
         760        1668
         761        1668
         762        1668
         763        1668
         764        1668
         765        1668
         766        1668
         767        1668
         768        1668
         747        1669
         748        1669
         749        1669
         750        1669
         751        1669
         752        1669
         753        1669
         754        1669
         755        1669
         756        1669
         757        1669
         758        1669
         759        1669
         760        1669
         761        1669
         762        1669
         763        1669
         764        1669
         765        1669
         766        1669
         767        1669
         768        1669
         748        1670
         749        1670
         750        1670
         751        1670
         752        1670
         753        1670
         754        1670
         755        1670
         756        1670
         757        1670
         758        1670
         759        1670
         760        1670
         761        1670
         762        1670
         763        1670
         764        1670
         765        1670
         766        1670
         767        1670
         768        1670
         769        1670
         748        1671
         749        1671
         750        1671
         751        1671
         752        1671
         753        1671
         754        1671
         755        1671
         756        1671
         757        1671
         758        1671
         759        1671
         760        1671
         761        1671
         762        1671
         763        1671
         764        1671
         765        1671
         766        1671
         767        1671
         768        1671
         769        1671
         749        1672
         750        1672
         751        1672
         752        1672
         753        1672
         754        1672
         755        1672
         756        1672
         757        1672
         758        1672
         759        1672
         760        1672
         761        1672
         762        1672
         763        1672
         764        1672
         765        1672
         766        1672
         767        1672
         768        1672
         769        1672
         770        1672
         749        1673
         750        1673
         751        1673
         752        1673
         753        1673
         754        1673
         755        1673
         756        1673
         757        1673
         758        1673
         759        1673
         760        1673
         761        1673
         762        1673
         763        1673
         764        1673
         765        1673
         766        1673
         767        1673
         768        1673
         769        1673
         770        1673
         749        1674
         750        1674
         751        1674
         752        1674
         753        1674
         754        1674
         755        1674
         756        1674
         757        1674
         758        1674
         759        1674
         760        1674
         761        1674
         762        1674
         763        1674
         764        1674
         765        1674
         766        1674
         767        1674
         768        1674
         769        1674
         770        1674
         750        1675
         751        1675
         752        1675
         753        1675
         754        1675
         755        1675
         756        1675
         757        1675
         758        1675
         759        1675
         760        1675
         761        1675
         762        1675
         763        1675
         764        1675
         765        1675
         766        1675
         767        1675
         768        1675
         769        1675
         770        1675
         771        1675
         750        1676
         751        1676
         752        1676
         753        1676
         754        1676
         755        1676
         756        1676
         757        1676
         758        1676
         759        1676
         760        1676
         761        1676
         762        1676
         763        1676
         764        1676
         765        1676
         766        1676
         767        1676
         768        1676
         769        1676
         770        1676
         771        1676
         751        1677
         752        1677
         753        1677
         754        1677
         755        1677
         756        1677
         757        1677
         758        1677
         759        1677
         760        1677
         761        1677
         762        1677
         763        1677
         764        1677
         765        1677
         766        1677
         767        1677
         768        1677
         769        1677
         770        1677
         771        1677
         772        1677
         751        1678
         752        1678
         753        1678
         754        1678
         755        1678
         756        1678
         757        1678
         758        1678
         759        1678
         760        1678
         761        1678
         762        1678
         763        1678
         764        1678
         765        1678
         766        1678
         767        1678
         768        1678
         769        1678
         770        1678
         771        1678
         752        1679
         753        1679
         754        1679
         755        1679
         756        1679
         757        1679
         758        1679
         759        1679
         760        1679
         761        1679
         762        1679
         763        1679
         764        1679
         765        1679
         766        1679
         767        1679
         768        1679
         769        1679
         752        1680
         753        1680
         754        1680
         755        1680
         756        1680
         757        1680
         758        1680
         759        1680
         760        1680
         761        1680
         762        1680
         763        1680
         764        1680
         765        1680
         766        1680
         767        1680
         753        1681
         754        1681
         755        1681
         756        1681
         757        1681
         758        1681
         759        1681
         760        1681
         761        1681
         762        1681
         763        1681
         764        1681
         765        1681
         753        1682
         754        1682
         755        1682
         756        1682
         757        1682
         758        1682
         759        1682
         760        1682
         761        1682
         762        1682
         763        1682
         753        1683
         754        1683
         755        1683
         756        1683
         757        1683
         758        1683
         759        1683
         760        1683
         761        1683
         754        1684
         755        1684
         756        1684
         757        1684
         758        1684
         759        1684
         754        1685
         755        1685
         756        1685
         757        1685
         755        1686
