         774        1633
         772        1634
         773        1634
         774        1634
         775        1634
         770        1635
         771        1635
         772        1635
         773        1635
         774        1635
         775        1635
         768        1636
         769        1636
         770        1636
         771        1636
         772        1636
         773        1636
         774        1636
         775        1636
         766        1637
         767        1637
         768        1637
         769        1637
         770        1637
         771        1637
         772        1637
         773        1637
         774        1637
         775        1637
         776        1637
         763        1638
         764        1638
         765        1638
         766        1638
         767        1638
         768        1638
         769        1638
         770        1638
         771        1638
         772        1638
         773        1638
         774        1638
         775        1638
         776        1638
         761        1639
         762        1639
         763        1639
         764        1639
         765        1639
         766        1639
         767        1639
         768        1639
         769        1639
         770        1639
         771        1639
         772        1639
         773        1639
         774        1639
         775        1639
         776        1639
         777        1639
         759        1640
         760        1640
         761        1640
         762        1640
         763        1640
         764        1640
         765        1640
         766        1640
         767        1640
         768        1640
         769        1640
         770        1640
         771        1640
         772        1640
         773        1640
         774        1640
         775        1640
         776        1640
         777        1640
         757        1641
         758        1641
         759        1641
         760        1641
         761        1641
         762        1641
         763        1641
         764        1641
         765        1641
         766        1641
         767        1641
         768        1641
         769        1641
         770        1641
         771        1641
         772        1641
         773        1641
         774        1641
         775        1641
         776        1641
         777        1641
         778        1641
         756        1642
         757        1642
         758        1642
         759        1642
         760        1642
         761        1642
         762        1642
         763        1642
         764        1642
         765        1642
         766        1642
         767        1642
         768        1642
         769        1642
         770        1642
         771        1642
         772        1642
         773        1642
         774        1642
         775        1642
         776        1642
         777        1642
         778        1642
         757        1643
         758        1643
         759        1643
         760        1643
         761        1643
         762        1643
         763        1643
         764        1643
         765        1643
         766        1643
         767        1643
         768        1643
         769        1643
         770        1643
         771        1643
         772        1643
         773        1643
         774        1643
         775        1643
         776        1643
         777        1643
         778        1643
         757        1644
         758        1644
         759        1644
         760        1644
         761        1644
         762        1644
         763        1644
         764        1644
         765        1644
         766        1644
         767        1644
         768        1644
         769        1644
         770        1644
         771        1644
         772        1644
         773        1644
         774        1644
         775        1644
         776        1644
         777        1644
         778        1644
         779        1644
         758        1645
         759        1645
         760        1645
         761        1645
         762        1645
         763        1645
         764        1645
         765        1645
         766        1645
         767        1645
         768        1645
         769        1645
         770        1645
         771        1645
         772        1645
         773        1645
         774        1645
         775        1645
         776        1645
         777        1645
         778        1645
         779        1645
         758        1646
         759        1646
         760        1646
         761        1646
         762        1646
         763        1646
         764        1646
         765        1646
         766        1646
         767        1646
         768        1646
         769        1646
         770        1646
         771        1646
         772        1646
         773        1646
         774        1646
         775        1646
         776        1646
         777        1646
         778        1646
         779        1646
         780        1646
         759        1647
         760        1647
         761        1647
         762        1647
         763        1647
         764        1647
         765        1647
         766        1647
         767        1647
         768        1647
         769        1647
         770        1647
         771        1647
         772        1647
         773        1647
         774        1647
         775        1647
         776        1647
         777        1647
         778        1647
         779        1647
         780        1647
         759        1648
         760        1648
         761        1648
         762        1648
         763        1648
         764        1648
         765        1648
         766        1648
         767        1648
         768        1648
         769        1648
         770        1648
         771        1648
         772        1648
         773        1648
         774        1648
         775        1648
         776        1648
         777        1648
         778        1648
         779        1648
         780        1648
         781        1648
         760        1649
         761        1649
         762        1649
         763        1649
         764        1649
         765        1649
         766        1649
         767        1649
         768        1649
         769        1649
         770        1649
         771        1649
         772        1649
         773        1649
         774        1649
         775        1649
         776        1649
         777        1649
         778        1649
         779        1649
         780        1649
         781        1649
         760        1650
         761        1650
         762        1650
         763        1650
         764        1650
         765        1650
         766        1650
         767        1650
         768        1650
         769        1650
         770        1650
         771        1650
         772        1650
         773        1650
         774        1650
         775        1650
         776        1650
         777        1650
         778        1650
         779        1650
         780        1650
         781        1650
         761        1651
         762        1651
         763        1651
         764        1651
         765        1651
         766        1651
         767        1651
         768        1651
         769        1651
         770        1651
         771        1651
         772        1651
         773        1651
         774        1651
         775        1651
         776        1651
         777        1651
         778        1651
         779        1651
         780        1651
         781        1651
         782        1651
         761        1652
         762        1652
         763        1652
         764        1652
         765        1652
         766        1652
         767        1652
         768        1652
         769        1652
         770        1652
         771        1652
         772        1652
         773        1652
         774        1652
         775        1652
         776        1652
         777        1652
         778        1652
         779        1652
         780        1652
         781        1652
         762        1653
         763        1653
         764        1653
         765        1653
         766        1653
         767        1653
         768        1653
         769        1653
         770        1653
         771        1653
         772        1653
         773        1653
         774        1653
         775        1653
         776        1653
         777        1653
         778        1653
         779        1653
         762        1654
         763        1654
         764        1654
         765        1654
         766        1654
         767        1654
         768        1654
         769        1654
         770        1654
         771        1654
         772        1654
         773        1654
         774        1654
         775        1654
         776        1654
         763        1655
         764        1655
         765        1655
         766        1655
         767        1655
         768        1655
         769        1655
         770        1655
         771        1655
         772        1655
         773        1655
         774        1655
         763        1656
         764        1656
         765        1656
         766        1656
         767        1656
         768        1656
         769        1656
         770        1656
         771        1656
         772        1656
         764        1657
         765        1657
         766        1657
         767        1657
         768        1657
         769        1657
         770        1657
         764        1658
         765        1658
         766        1658
         767        1658
         765        1659
