         715        1414
         712        1415
         713        1415
         714        1415
         715        1415
         716        1415
         709        1416
         710        1416
         711        1416
         712        1416
         713        1416
         714        1416
         715        1416
         716        1416
         706        1417
         707        1417
         708        1417
         709        1417
         710        1417
         711        1417
         712        1417
         713        1417
         714        1417
         715        1417
         716        1417
         717        1417
         704        1418
         705        1418
         706        1418
         707        1418
         708        1418
         709        1418
         710        1418
         711        1418
         712        1418
         713        1418
         714        1418
         715        1418
         716        1418
         717        1418
         701        1419
         702        1419
         703        1419
         704        1419
         705        1419
         706        1419
         707        1419
         708        1419
         709        1419
         710        1419
         711        1419
         712        1419
         713        1419
         714        1419
         715        1419
         716        1419
         717        1419
         698        1420
         699        1420
         700        1420
         701        1420
         702        1420
         703        1420
         704        1420
         705        1420
         706        1420
         707        1420
         708        1420
         709        1420
         710        1420
         711        1420
         712        1420
         713        1420
         714        1420
         715        1420
         716        1420
         717        1420
         718        1420
         697        1421
         698        1421
         699        1421
         700        1421
         701        1421
         702        1421
         703        1421
         704        1421
         705        1421
         706        1421
         707        1421
         708        1421
         709        1421
         710        1421
         711        1421
         712        1421
         713        1421
         714        1421
         715        1421
         716        1421
         717        1421
         718        1421
         698        1422
         699        1422
         700        1422
         701        1422
         702        1422
         703        1422
         704        1422
         705        1422
         706        1422
         707        1422
         708        1422
         709        1422
         710        1422
         711        1422
         712        1422
         713        1422
         714        1422
         715        1422
         716        1422
         717        1422
         718        1422
         719        1422
         698        1423
         699        1423
         700        1423
         701        1423
         702        1423
         703        1423
         704        1423
         705        1423
         706        1423
         707        1423
         708        1423
         709        1423
         710        1423
         711        1423
         712        1423
         713        1423
         714        1423
         715        1423
         716        1423
         717        1423
         718        1423
         719        1423
         698        1424
         699        1424
         700        1424
         701        1424
         702        1424
         703        1424
         704        1424
         705        1424
         706        1424
         707        1424
         708        1424
         709        1424
         710        1424
         711        1424
         712        1424
         713        1424
         714        1424
         715        1424
         716        1424
         717        1424
         718        1424
         719        1424
         720        1424
         699        1425
         700        1425
         701        1425
         702        1425
         703        1425
         704        1425
         705        1425
         706        1425
         707        1425
         708        1425
         709        1425
         710        1425
         711        1425
         712        1425
         713        1425
         714        1425
         715        1425
         716        1425
         717        1425
         718        1425
         719        1425
         720        1425
         699        1426
         700        1426
         701        1426
         702        1426
         703        1426
         704        1426
         705        1426
         706        1426
         707        1426
         708        1426
         709        1426
         710        1426
         711        1426
         712        1426
         713        1426
         714        1426
         715        1426
         716        1426
         717        1426
         718        1426
         719        1426
         720        1426
         721        1426
         700        1427
         701        1427
         702        1427
         703        1427
         704        1427
         705        1427
         706        1427
         707        1427
         708        1427
         709        1427
         710        1427
         711        1427
         712        1427
         713        1427
         714        1427
         715        1427
         716        1427
         717        1427
         718        1427
         719        1427
         720        1427
         721        1427
         700        1428
         701        1428
         702        1428
         703        1428
         704        1428
         705        1428
         706        1428
         707        1428
         708        1428
         709        1428
         710        1428
         711        1428
         712        1428
         713        1428
         714        1428
         715        1428
         716        1428
         717        1428
         718        1428
         719        1428
         720        1428
         721        1428
         701        1429
         702        1429
         703        1429
         704        1429
         705        1429
         706        1429
         707        1429
         708        1429
         709        1429
         710        1429
         711        1429
         712        1429
         713        1429
         714        1429
         715        1429
         716        1429
         717        1429
         718        1429
         719        1429
         720        1429
         721        1429
         722        1429
         701        1430
         702        1430
         703        1430
         704        1430
         705        1430
         706        1430
         707        1430
         708        1430
         709        1430
         710        1430
         711        1430
         712        1430
         713        1430
         714        1430
         715        1430
         716        1430
         717        1430
         718        1430
         719        1430
         720        1430
         721        1430
         722        1430
         701        1431
         702        1431
         703        1431
         704        1431
         705        1431
         706        1431
         707        1431
         708        1431
         709        1431
         710        1431
         711        1431
         712        1431
         713        1431
         714        1431
         715        1431
         716        1431
         717        1431
         718        1431
         719        1431
         720        1431
         721        1431
         722        1431
         723        1431
         702        1432
         703        1432
         704        1432
         705        1432
         706        1432
         707        1432
         708        1432
         709        1432
         710        1432
         711        1432
         712        1432
         713        1432
         714        1432
         715        1432
         716        1432
         717        1432
         718        1432
         719        1432
         720        1432
         721        1432
         722        1432
         702        1433
         703        1433
         704        1433
         705        1433
         706        1433
         707        1433
         708        1433
         709        1433
         710        1433
         711        1433
         712        1433
         713        1433
         714        1433
         715        1433
         716        1433
         717        1433
         718        1433
         719        1433
         703        1434
         704        1434
         705        1434
         706        1434
         707        1434
         708        1434
         709        1434
         710        1434
         711        1434
         712        1434
         713        1434
         714        1434
         715        1434
         716        1434
         717        1434
         703        1435
         704        1435
         705        1435
         706        1435
         707        1435
         708        1435
         709        1435
         710        1435
         711        1435
         712        1435
         713        1435
         714        1435
         715        1435
         704        1436
         705        1436
         706        1436
         707        1436
         708        1436
         709        1436
         710        1436
         711        1436
         712        1436
         704        1437
         705        1437
         706        1437
         707        1437
         708        1437
         709        1437
         710        1437
         704        1438
         705        1438
         706        1438
         707        1438
         708        1438
         705        1439
