         729        1632
         727        1633
         728        1633
         729        1633
         730        1633
         725        1634
         726        1634
         727        1634
         728        1634
         729        1634
         730        1634
         723        1635
         724        1635
         725        1635
         726        1635
         727        1635
         728        1635
         729        1635
         730        1635
         731        1635
         721        1636
         722        1636
         723        1636
         724        1636
         725        1636
         726        1636
         727        1636
         728        1636
         729        1636
         730        1636
         731        1636
         719        1637
         720        1637
         721        1637
         722        1637
         723        1637
         724        1637
         725        1637
         726        1637
         727        1637
         728        1637
         729        1637
         730        1637
         731        1637
         717        1638
         718        1638
         719        1638
         720        1638
         721        1638
         722        1638
         723        1638
         724        1638
         725        1638
         726        1638
         727        1638
         728        1638
         729        1638
         730        1638
         731        1638
         732        1638
         715        1639
         716        1639
         717        1639
         718        1639
         719        1639
         720        1639
         721        1639
         722        1639
         723        1639
         724        1639
         725        1639
         726        1639
         727        1639
         728        1639
         729        1639
         730        1639
         731        1639
         732        1639
         713        1640
         714        1640
         715        1640
         716        1640
         717        1640
         718        1640
         719        1640
         720        1640
         721        1640
         722        1640
         723        1640
         724        1640
         725        1640
         726        1640
         727        1640
         728        1640
         729        1640
         730        1640
         731        1640
         732        1640
         733        1640
         712        1641
         713        1641
         714        1641
         715        1641
         716        1641
         717        1641
         718        1641
         719        1641
         720        1641
         721        1641
         722        1641
         723        1641
         724        1641
         725        1641
         726        1641
         727        1641
         728        1641
         729        1641
         730        1641
         731        1641
         732        1641
         733        1641
         713        1642
         714        1642
         715        1642
         716        1642
         717        1642
         718        1642
         719        1642
         720        1642
         721        1642
         722        1642
         723        1642
         724        1642
         725        1642
         726        1642
         727        1642
         728        1642
         729        1642
         730        1642
         731        1642
         732        1642
         733        1642
         734        1642
         713        1643
         714        1643
         715        1643
         716        1643
         717        1643
         718        1643
         719        1643
         720        1643
         721        1643
         722        1643
         723        1643
         724        1643
         725        1643
         726        1643
         727        1643
         728        1643
         729        1643
         730        1643
         731        1643
         732        1643
         733        1643
         734        1643
         714        1644
         715        1644
         716        1644
         717        1644
         718        1644
         719        1644
         720        1644
         721        1644
         722        1644
         723        1644
         724        1644
         725        1644
         726        1644
         727        1644
         728        1644
         729        1644
         730        1644
         731        1644
         732        1644
         733        1644
         734        1644
         735        1644
         714        1645
         715        1645
         716        1645
         717        1645
         718        1645
         719        1645
         720        1645
         721        1645
         722        1645
         723        1645
         724        1645
         725        1645
         726        1645
         727        1645
         728        1645
         729        1645
         730        1645
         731        1645
         732        1645
         733        1645
         734        1645
         735        1645
         714        1646
         715        1646
         716        1646
         717        1646
         718        1646
         719        1646
         720        1646
         721        1646
         722        1646
         723        1646
         724        1646
         725        1646
         726        1646
         727        1646
         728        1646
         729        1646
         730        1646
         731        1646
         732        1646
         733        1646
         734        1646
         735        1646
         715        1647
         716        1647
         717        1647
         718        1647
         719        1647
         720        1647
         721        1647
         722        1647
         723        1647
         724        1647
         725        1647
         726        1647
         727        1647
         728        1647
         729        1647
         730        1647
         731        1647
         732        1647
         733        1647
         734        1647
         735        1647
         736        1647
         715        1648
         716        1648
         717        1648
         718        1648
         719        1648
         720        1648
         721        1648
         722        1648
         723        1648
         724        1648
         725        1648
         726        1648
         727        1648
         728        1648
         729        1648
         730        1648
         731        1648
         732        1648
         733        1648
         734        1648
         735        1648
         736        1648
         716        1649
         717        1649
         718        1649
         719        1649
         720        1649
         721        1649
         722        1649
         723        1649
         724        1649
         725        1649
         726        1649
         727        1649
         728        1649
         729        1649
         730        1649
         731        1649
         732        1649
         733        1649
         734        1649
         735        1649
         736        1649
         737        1649
         716        1650
         717        1650
         718        1650
         719        1650
         720        1650
         721        1650
         722        1650
         723        1650
         724        1650
         725        1650
         726        1650
         727        1650
         728        1650
         729        1650
         730        1650
         731        1650
         732        1650
         733        1650
         734        1650
         735        1650
         736        1650
         717        1651
         718        1651
         719        1651
         720        1651
         721        1651
         722        1651
         723        1651
         724        1651
         725        1651
         726        1651
         727        1651
         728        1651
         729        1651
         730        1651
         731        1651
         732        1651
         733        1651
         734        1651
         717        1652
         718        1652
         719        1652
         720        1652
         721        1652
         722        1652
         723        1652
         724        1652
         725        1652
         726        1652
         727        1652
         728        1652
         729        1652
         730        1652
         731        1652
         732        1652
         718        1653
         719        1653
         720        1653
         721        1653
         722        1653
         723        1653
         724        1653
         725        1653
         726        1653
         727        1653
         728        1653
         729        1653
         730        1653
         718        1654
         719        1654
         720        1654
         721        1654
         722        1654
         723        1654
         724        1654
         725        1654
         726        1654
         727        1654
         728        1654
         718        1655
         719        1655
         720        1655
         721        1655
         722        1655
         723        1655
         724        1655
         725        1655
         726        1655
         719        1656
         720        1656
         721        1656
         722        1656
         723        1656
         724        1656
         719        1657
         720        1657
         721        1657
         722        1657
         720        1658
