         757        1597
         755        1598
         756        1598
         757        1598
         758        1598
         753        1599
         754        1599
         755        1599
         756        1599
         757        1599
         758        1599
         751        1600
         752        1600
         753        1600
         754        1600
         755        1600
         756        1600
         757        1600
         758        1600
         759        1600
         749        1601
         750        1601
         751        1601
         752        1601
         753        1601
         754        1601
         755        1601
         756        1601
         757        1601
         758        1601
         759        1601
         747        1602
         748        1602
         749        1602
         750        1602
         751        1602
         752        1602
         753        1602
         754        1602
         755        1602
         756        1602
         757        1602
         758        1602
         759        1602
         745        1603
         746        1603
         747        1603
         748        1603
         749        1603
         750        1603
         751        1603
         752        1603
         753        1603
         754        1603
         755        1603
         756        1603
         757        1603
         758        1603
         759        1603
         760        1603
         743        1604
         744        1604
         745        1604
         746        1604
         747        1604
         748        1604
         749        1604
         750        1604
         751        1604
         752        1604
         753        1604
         754        1604
         755        1604
         756        1604
         757        1604
         758        1604
         759        1604
         760        1604
         741        1605
         742        1605
         743        1605
         744        1605
         745        1605
         746        1605
         747        1605
         748        1605
         749        1605
         750        1605
         751        1605
         752        1605
         753        1605
         754        1605
         755        1605
         756        1605
         757        1605
         758        1605
         759        1605
         760        1605
         761        1605
         740        1606
         741        1606
         742        1606
         743        1606
         744        1606
         745        1606
         746        1606
         747        1606
         748        1606
         749        1606
         750        1606
         751        1606
         752        1606
         753        1606
         754        1606
         755        1606
         756        1606
         757        1606
         758        1606
         759        1606
         760        1606
         761        1606
         741        1607
         742        1607
         743        1607
         744        1607
         745        1607
         746        1607
         747        1607
         748        1607
         749        1607
         750        1607
         751        1607
         752        1607
         753        1607
         754        1607
         755        1607
         756        1607
         757        1607
         758        1607
         759        1607
         760        1607
         761        1607
         762        1607
         741        1608
         742        1608
         743        1608
         744        1608
         745        1608
         746        1608
         747        1608
         748        1608
         749        1608
         750        1608
         751        1608
         752        1608
         753        1608
         754        1608
         755        1608
         756        1608
         757        1608
         758        1608
         759        1608
         760        1608
         761        1608
         762        1608
         742        1609
         743        1609
         744        1609
         745        1609
         746        1609
         747        1609
         748        1609
         749        1609
         750        1609
         751        1609
         752        1609
         753        1609
         754        1609
         755        1609
         756        1609
         757        1609
         758        1609
         759        1609
         760        1609
         761        1609
         762        1609
         763        1609
         742        1610
         743        1610
         744        1610
         745        1610
         746        1610
         747        1610
         748        1610
         749        1610
         750        1610
         751        1610
         752        1610
         753        1610
         754        1610
         755        1610
         756        1610
         757        1610
         758        1610
         759        1610
         760        1610
         761        1610
         762        1610
         763        1610
         742        1611
         743        1611
         744        1611
         745        1611
         746        1611
         747        1611
         748        1611
         749        1611
         750        1611
         751        1611
         752        1611
         753        1611
         754        1611
         755        1611
         756        1611
         757        1611
         758        1611
         759        1611
         760        1611
         761        1611
         762        1611
         763        1611
         743        1612
         744        1612
         745        1612
         746        1612
         747        1612
         748        1612
         749        1612
         750        1612
         751        1612
         752        1612
         753        1612
         754        1612
         755        1612
         756        1612
         757        1612
         758        1612
         759        1612
         760        1612
         761        1612
         762        1612
         763        1612
         764        1612
         743        1613
         744        1613
         745        1613
         746        1613
         747        1613
         748        1613
         749        1613
         750        1613
         751        1613
         752        1613
         753        1613
         754        1613
         755        1613
         756        1613
         757        1613
         758        1613
         759        1613
         760        1613
         761        1613
         762        1613
         763        1613
         764        1613
         744        1614
         745        1614
         746        1614
         747        1614
         748        1614
         749        1614
         750        1614
         751        1614
         752        1614
         753        1614
         754        1614
         755        1614
         756        1614
         757        1614
         758        1614
         759        1614
         760        1614
         761        1614
         762        1614
         763        1614
         764        1614
         765        1614
         744        1615
         745        1615
         746        1615
         747        1615
         748        1615
         749        1615
         750        1615
         751        1615
         752        1615
         753        1615
         754        1615
         755        1615
         756        1615
         757        1615
         758        1615
         759        1615
         760        1615
         761        1615
         762        1615
         763        1615
         764        1615
         745        1616
         746        1616
         747        1616
         748        1616
         749        1616
         750        1616
         751        1616
         752        1616
         753        1616
         754        1616
         755        1616
         756        1616
         757        1616
         758        1616
         759        1616
         760        1616
         761        1616
         762        1616
         745        1617
         746        1617
         747        1617
         748        1617
         749        1617
         750        1617
         751        1617
         752        1617
         753        1617
         754        1617
         755        1617
         756        1617
         757        1617
         758        1617
         759        1617
         760        1617
         746        1618
         747        1618
         748        1618
         749        1618
         750        1618
         751        1618
         752        1618
         753        1618
         754        1618
         755        1618
         756        1618
         757        1618
         758        1618
         746        1619
         747        1619
         748        1619
         749        1619
         750        1619
         751        1619
         752        1619
         753        1619
         754        1619
         755        1619
         756        1619
         746        1620
         747        1620
         748        1620
         749        1620
         750        1620
         751        1620
         752        1620
         753        1620
         754        1620
         747        1621
         748        1621
         749        1621
         750        1621
         751        1621
         752        1621
         747        1622
         748        1622
         749        1622
         750        1622
         748        1623
