         746        1669
         744        1670
         745        1670
         746        1670
         747        1670
         741        1671
         742        1671
         743        1671
         744        1671
         745        1671
         746        1671
         747        1671
         739        1672
         740        1672
         741        1672
         742        1672
         743        1672
         744        1672
         745        1672
         746        1672
         747        1672
         748        1672
         737        1673
         738        1673
         739        1673
         740        1673
         741        1673
         742        1673
         743        1673
         744        1673
         745        1673
         746        1673
         747        1673
         748        1673
         735        1674
         736        1674
         737        1674
         738        1674
         739        1674
         740        1674
         741        1674
         742        1674
         743        1674
         744        1674
         745        1674
         746        1674
         747        1674
         748        1674
         732        1675
         733        1675
         734        1675
         735        1675
         736        1675
         737        1675
         738        1675
         739        1675
         740        1675
         741        1675
         742        1675
         743        1675
         744        1675
         745        1675
         746        1675
         747        1675
         748        1675
         749        1675
         730        1676
         731        1676
         732        1676
         733        1676
         734        1676
         735        1676
         736        1676
         737        1676
         738        1676
         739        1676
         740        1676
         741        1676
         742        1676
         743        1676
         744        1676
         745        1676
         746        1676
         747        1676
         748        1676
         749        1676
         729        1677
         730        1677
         731        1677
         732        1677
         733        1677
         734        1677
         735        1677
         736        1677
         737        1677
         738        1677
         739        1677
         740        1677
         741        1677
         742        1677
         743        1677
         744        1677
         745        1677
         746        1677
         747        1677
         748        1677
         749        1677
         750        1677
         730        1678
         731        1678
         732        1678
         733        1678
         734        1678
         735        1678
         736        1678
         737        1678
         738        1678
         739        1678
         740        1678
         741        1678
         742        1678
         743        1678
         744        1678
         745        1678
         746        1678
         747        1678
         748        1678
         749        1678
         750        1678
         730        1679
         731        1679
         732        1679
         733        1679
         734        1679
         735        1679
         736        1679
         737        1679
         738        1679
         739        1679
         740        1679
         741        1679
         742        1679
         743        1679
         744        1679
         745        1679
         746        1679
         747        1679
         748        1679
         749        1679
         750        1679
         751        1679
         731        1680
         732        1680
         733        1680
         734        1680
         735        1680
         736        1680
         737        1680
         738        1680
         739        1680
         740        1680
         741        1680
         742        1680
         743        1680
         744        1680
         745        1680
         746        1680
         747        1680
         748        1680
         749        1680
         750        1680
         751        1680
         731        1681
         732        1681
         733        1681
         734        1681
         735        1681
         736        1681
         737        1681
         738        1681
         739        1681
         740        1681
         741        1681
         742        1681
         743        1681
         744        1681
         745        1681
         746        1681
         747        1681
         748        1681
         749        1681
         750        1681
         751        1681
         752        1681
         731        1682
         732        1682
         733        1682
         734        1682
         735        1682
         736        1682
         737        1682
         738        1682
         739        1682
         740        1682
         741        1682
         742        1682
         743        1682
         744        1682
         745        1682
         746        1682
         747        1682
         748        1682
         749        1682
         750        1682
         751        1682
         752        1682
         732        1683
         733        1683
         734        1683
         735        1683
         736        1683
         737        1683
         738        1683
         739        1683
         740        1683
         741        1683
         742        1683
         743        1683
         744        1683
         745        1683
         746        1683
         747        1683
         748        1683
         749        1683
         750        1683
         751        1683
         752        1683
         732        1684
         733        1684
         734        1684
         735        1684
         736        1684
         737        1684
         738        1684
         739        1684
         740        1684
         741        1684
         742        1684
         743        1684
         744        1684
         745        1684
         746        1684
         747        1684
         748        1684
         749        1684
         750        1684
         751        1684
         752        1684
         753        1684
         733        1685
         734        1685
         735        1685
         736        1685
         737        1685
         738        1685
         739        1685
         740        1685
         741        1685
         742        1685
         743        1685
         744        1685
         745        1685
         746        1685
         747        1685
         748        1685
         749        1685
         750        1685
         751        1685
         752        1685
         753        1685
         733        1686
         734        1686
         735        1686
         736        1686
         737        1686
         738        1686
         739        1686
         740        1686
         741        1686
         742        1686
         743        1686
         744        1686
         745        1686
         746        1686
         747        1686
         748        1686
         749        1686
         750        1686
         751        1686
         752        1686
         753        1686
         754        1686
         734        1687
         735        1687
         736        1687
         737        1687
         738        1687
         739        1687
         740        1687
         741        1687
         742        1687
         743        1687
         744        1687
         745        1687
         746        1687
         747        1687
         748        1687
         749        1687
         750        1687
         751        1687
         752        1687
         753        1687
         734        1688
         735        1688
         736        1688
         737        1688
         738        1688
         739        1688
         740        1688
         741        1688
         742        1688
         743        1688
         744        1688
         745        1688
         746        1688
         747        1688
         748        1688
         749        1688
         750        1688
         751        1688
         735        1689
         736        1689
         737        1689
         738        1689
         739        1689
         740        1689
         741        1689
         742        1689
         743        1689
         744        1689
         745        1689
         746        1689
         747        1689
         748        1689
         735        1690
         736        1690
         737        1690
         738        1690
         739        1690
         740        1690
         741        1690
         742        1690
         743        1690
         744        1690
         745        1690
         746        1690
         735        1691
         736        1691
         737        1691
         738        1691
         739        1691
         740        1691
         741        1691
         742        1691
         743        1691
         744        1691
         736        1692
         737        1692
         738        1692
         739        1692
         740        1692
         741        1692
         742        1692
         736        1693
         737        1693
         738        1693
         739        1693
         737        1694
