         921        1649
         919        1650
         920        1650
         921        1650
         922        1650
         916        1651
         917        1651
         918        1651
         919        1651
         920        1651
         921        1651
         922        1651
         914        1652
         915        1652
         916        1652
         917        1652
         918        1652
         919        1652
         920        1652
         921        1652
         922        1652
         923        1652
         912        1653
         913        1653
         914        1653
         915        1653
         916        1653
         917        1653
         918        1653
         919        1653
         920        1653
         921        1653
         922        1653
         923        1653
         910        1654
         911        1654
         912        1654
         913        1654
         914        1654
         915        1654
         916        1654
         917        1654
         918        1654
         919        1654
         920        1654
         921        1654
         922        1654
         923        1654
         907        1655
         908        1655
         909        1655
         910        1655
         911        1655
         912        1655
         913        1655
         914        1655
         915        1655
         916        1655
         917        1655
         918        1655
         919        1655
         920        1655
         921        1655
         922        1655
         923        1655
         924        1655
         905        1656
         906        1656
         907        1656
         908        1656
         909        1656
         910        1656
         911        1656
         912        1656
         913        1656
         914        1656
         915        1656
         916        1656
         917        1656
         918        1656
         919        1656
         920        1656
         921        1656
         922        1656
         923        1656
         924        1656
         904        1657
         905        1657
         906        1657
         907        1657
         908        1657
         909        1657
         910        1657
         911        1657
         912        1657
         913        1657
         914        1657
         915        1657
         916        1657
         917        1657
         918        1657
         919        1657
         920        1657
         921        1657
         922        1657
         923        1657
         924        1657
         925        1657
         905        1658
         906        1658
         907        1658
         908        1658
         909        1658
         910        1658
         911        1658
         912        1658
         913        1658
         914        1658
         915        1658
         916        1658
         917        1658
         918        1658
         919        1658
         920        1658
         921        1658
         922        1658
         923        1658
         924        1658
         925        1658
         905        1659
         906        1659
         907        1659
         908        1659
         909        1659
         910        1659
         911        1659
         912        1659
         913        1659
         914        1659
         915        1659
         916        1659
         917        1659
         918        1659
         919        1659
         920        1659
         921        1659
         922        1659
         923        1659
         924        1659
         925        1659
         926        1659
         906        1660
         907        1660
         908        1660
         909        1660
         910        1660
         911        1660
         912        1660
         913        1660
         914        1660
         915        1660
         916        1660
         917        1660
         918        1660
         919        1660
         920        1660
         921        1660
         922        1660
         923        1660
         924        1660
         925        1660
         926        1660
         906        1661
         907        1661
         908        1661
         909        1661
         910        1661
         911        1661
         912        1661
         913        1661
         914        1661
         915        1661
         916        1661
         917        1661
         918        1661
         919        1661
         920        1661
         921        1661
         922        1661
         923        1661
         924        1661
         925        1661
         926        1661
         927        1661
         906        1662
         907        1662
         908        1662
         909        1662
         910        1662
         911        1662
         912        1662
         913        1662
         914        1662
         915        1662
         916        1662
         917        1662
         918        1662
         919        1662
         920        1662
         921        1662
         922        1662
         923        1662
         924        1662
         925        1662
         926        1662
         927        1662
         907        1663
         908        1663
         909        1663
         910        1663
         911        1663
         912        1663
         913        1663
         914        1663
         915        1663
         916        1663
         917        1663
         918        1663
         919        1663
         920        1663
         921        1663
         922        1663
         923        1663
         924        1663
         925        1663
         926        1663
         927        1663
         907        1664
         908        1664
         909        1664
         910        1664
         911        1664
         912        1664
         913        1664
         914        1664
         915        1664
         916        1664
         917        1664
         918        1664
         919        1664
         920        1664
         921        1664
         922        1664
         923        1664
         924        1664
         925        1664
         926        1664
         927        1664
         928        1664
         908        1665
         909        1665
         910        1665
         911        1665
         912        1665
         913        1665
         914        1665
         915        1665
         916        1665
         917        1665
         918        1665
         919        1665
         920        1665
         921        1665
         922        1665
         923        1665
         924        1665
         925        1665
         926        1665
         927        1665
         928        1665
         908        1666
         909        1666
         910        1666
         911        1666
         912        1666
         913        1666
         914        1666
         915        1666
         916        1666
         917        1666
         918        1666
         919        1666
         920        1666
         921        1666
         922        1666
         923        1666
         924        1666
         925        1666
         926        1666
         927        1666
         928        1666
         929        1666
         909        1667
         910        1667
         911        1667
         912        1667
         913        1667
         914        1667
         915        1667
         916        1667
         917        1667
         918        1667
         919        1667
         920        1667
         921        1667
         922        1667
         923        1667
         924        1667
         925        1667
         926        1667
         927        1667
         928        1667
         909        1668
         910        1668
         911        1668
         912        1668
         913        1668
         914        1668
         915        1668
         916        1668
         917        1668
         918        1668
         919        1668
         920        1668
         921        1668
         922        1668
         923        1668
         924        1668
         925        1668
         926        1668
         910        1669
         911        1669
         912        1669
         913        1669
         914        1669
         915        1669
         916        1669
         917        1669
         918        1669
         919        1669
         920        1669
         921        1669
         922        1669
         923        1669
         910        1670
         911        1670
         912        1670
         913        1670
         914        1670
         915        1670
         916        1670
         917        1670
         918        1670
         919        1670
         920        1670
         921        1670
         910        1671
         911        1671
         912        1671
         913        1671
         914        1671
         915        1671
         916        1671
         917        1671
         918        1671
         919        1671
         911        1672
         912        1672
         913        1672
         914        1672
         915        1672
         916        1672
         917        1672
         911        1673
         912        1673
         913        1673
         914        1673
         912        1674
