         736        1695
         734        1696
         735        1696
         736        1696
         737        1696
         731        1697
         732        1697
         733        1697
         734        1697
         735        1697
         736        1697
         737        1697
         729        1698
         730        1698
         731        1698
         732        1698
         733        1698
         734        1698
         735        1698
         736        1698
         737        1698
         738        1698
         727        1699
         728        1699
         729        1699
         730        1699
         731        1699
         732        1699
         733        1699
         734        1699
         735        1699
         736        1699
         737        1699
         738        1699
         725        1700
         726        1700
         727        1700
         728        1700
         729        1700
         730        1700
         731        1700
         732        1700
         733        1700
         734        1700
         735        1700
         736        1700
         737        1700
         738        1700
         722        1701
         723        1701
         724        1701
         725        1701
         726        1701
         727        1701
         728        1701
         729        1701
         730        1701
         731        1701
         732        1701
         733        1701
         734        1701
         735        1701
         736        1701
         737        1701
         738        1701
         739        1701
         720        1702
         721        1702
         722        1702
         723        1702
         724        1702
         725        1702
         726        1702
         727        1702
         728        1702
         729        1702
         730        1702
         731        1702
         732        1702
         733        1702
         734        1702
         735        1702
         736        1702
         737        1702
         738        1702
         739        1702
         719        1703
         720        1703
         721        1703
         722        1703
         723        1703
         724        1703
         725        1703
         726        1703
         727        1703
         728        1703
         729        1703
         730        1703
         731        1703
         732        1703
         733        1703
         734        1703
         735        1703
         736        1703
         737        1703
         738        1703
         739        1703
         740        1703
         720        1704
         721        1704
         722        1704
         723        1704
         724        1704
         725        1704
         726        1704
         727        1704
         728        1704
         729        1704
         730        1704
         731        1704
         732        1704
         733        1704
         734        1704
         735        1704
         736        1704
         737        1704
         738        1704
         739        1704
         740        1704
         720        1705
         721        1705
         722        1705
         723        1705
         724        1705
         725        1705
         726        1705
         727        1705
         728        1705
         729        1705
         730        1705
         731        1705
         732        1705
         733        1705
         734        1705
         735        1705
         736        1705
         737        1705
         738        1705
         739        1705
         740        1705
         741        1705
         720        1706
         721        1706
         722        1706
         723        1706
         724        1706
         725        1706
         726        1706
         727        1706
         728        1706
         729        1706
         730        1706
         731        1706
         732        1706
         733        1706
         734        1706
         735        1706
         736        1706
         737        1706
         738        1706
         739        1706
         740        1706
         741        1706
         721        1707
         722        1707
         723        1707
         724        1707
         725        1707
         726        1707
         727        1707
         728        1707
         729        1707
         730        1707
         731        1707
         732        1707
         733        1707
         734        1707
         735        1707
         736        1707
         737        1707
         738        1707
         739        1707
         740        1707
         741        1707
         742        1707
         721        1708
         722        1708
         723        1708
         724        1708
         725        1708
         726        1708
         727        1708
         728        1708
         729        1708
         730        1708
         731        1708
         732        1708
         733        1708
         734        1708
         735        1708
         736        1708
         737        1708
         738        1708
         739        1708
         740        1708
         741        1708
         742        1708
         722        1709
         723        1709
         724        1709
         725        1709
         726        1709
         727        1709
         728        1709
         729        1709
         730        1709
         731        1709
         732        1709
         733        1709
         734        1709
         735        1709
         736        1709
         737        1709
         738        1709
         739        1709
         740        1709
         741        1709
         742        1709
         722        1710
         723        1710
         724        1710
         725        1710
         726        1710
         727        1710
         728        1710
         729        1710
         730        1710
         731        1710
         732        1710
         733        1710
         734        1710
         735        1710
         736        1710
         737        1710
         738        1710
         739        1710
         740        1710
         741        1710
         742        1710
         743        1710
         723        1711
         724        1711
         725        1711
         726        1711
         727        1711
         728        1711
         729        1711
         730        1711
         731        1711
         732        1711
         733        1711
         734        1711
         735        1711
         736        1711
         737        1711
         738        1711
         739        1711
         740        1711
         741        1711
         742        1711
         743        1711
         723        1712
         724        1712
         725        1712
         726        1712
         727        1712
         728        1712
         729        1712
         730        1712
         731        1712
         732        1712
         733        1712
         734        1712
         735        1712
         736        1712
         737        1712
         738        1712
         739        1712
         740        1712
         741        1712
         742        1712
         743        1712
         744        1712
         723        1713
         724        1713
         725        1713
         726        1713
         727        1713
         728        1713
         729        1713
         730        1713
         731        1713
         732        1713
         733        1713
         734        1713
         735        1713
         736        1713
         737        1713
         738        1713
         739        1713
         740        1713
         741        1713
         742        1713
         743        1713
         724        1714
         725        1714
         726        1714
         727        1714
         728        1714
         729        1714
         730        1714
         731        1714
         732        1714
         733        1714
         734        1714
         735        1714
         736        1714
         737        1714
         738        1714
         739        1714
         740        1714
         741        1714
         724        1715
         725        1715
         726        1715
         727        1715
         728        1715
         729        1715
         730        1715
         731        1715
         732        1715
         733        1715
         734        1715
         735        1715
         736        1715
         737        1715
         738        1715
         739        1715
         725        1716
         726        1716
         727        1716
         728        1716
         729        1716
         730        1716
         731        1716
         732        1716
         733        1716
         734        1716
         735        1716
         736        1716
         737        1716
         725        1717
         726        1717
         727        1717
         728        1717
         729        1717
         730        1717
         731        1717
         732        1717
         733        1717
         734        1717
         735        1717
         726        1718
         727        1718
         728        1718
         729        1718
         730        1718
         731        1718
         732        1718
         733        1718
         726        1719
         727        1719
         728        1719
         729        1719
         730        1719
         731        1719
         726        1720
         727        1720
         728        1720
         729        1720
         727        1721
