         932        1293
         929        1294
         930        1294
         931        1294
         932        1294
         933        1294
         927        1295
         928        1295
         929        1295
         930        1295
         931        1295
         932        1295
         933        1295
         924        1296
         925        1296
         926        1296
         927        1296
         928        1296
         929        1296
         930        1296
         931        1296
         932        1296
         933        1296
         934        1296
         921        1297
         922        1297
         923        1297
         924        1297
         925        1297
         926        1297
         927        1297
         928        1297
         929        1297
         930        1297
         931        1297
         932        1297
         933        1297
         934        1297
         919        1298
         920        1298
         921        1298
         922        1298
         923        1298
         924        1298
         925        1298
         926        1298
         927        1298
         928        1298
         929        1298
         930        1298
         931        1298
         932        1298
         933        1298
         934        1298
         916        1299
         917        1299
         918        1299
         919        1299
         920        1299
         921        1299
         922        1299
         923        1299
         924        1299
         925        1299
         926        1299
         927        1299
         928        1299
         929        1299
         930        1299
         931        1299
         932        1299
         933        1299
         934        1299
         935        1299
         915        1300
         916        1300
         917        1300
         918        1300
         919        1300
         920        1300
         921        1300
         922        1300
         923        1300
         924        1300
         925        1300
         926        1300
         927        1300
         928        1300
         929        1300
         930        1300
         931        1300
         932        1300
         933        1300
         934        1300
         935        1300
         916        1301
         917        1301
         918        1301
         919        1301
         920        1301
         921        1301
         922        1301
         923        1301
         924        1301
         925        1301
         926        1301
         927        1301
         928        1301
         929        1301
         930        1301
         931        1301
         932        1301
         933        1301
         934        1301
         935        1301
         936        1301
         916        1302
         917        1302
         918        1302
         919        1302
         920        1302
         921        1302
         922        1302
         923        1302
         924        1302
         925        1302
         926        1302
         927        1302
         928        1302
         929        1302
         930        1302
         931        1302
         932        1302
         933        1302
         934        1302
         935        1302
         936        1302
         916        1303
         917        1303
         918        1303
         919        1303
         920        1303
         921        1303
         922        1303
         923        1303
         924        1303
         925        1303
         926        1303
         927        1303
         928        1303
         929        1303
         930        1303
         931        1303
         932        1303
         933        1303
         934        1303
         935        1303
         936        1303
         937        1303
         917        1304
         918        1304
         919        1304
         920        1304
         921        1304
         922        1304
         923        1304
         924        1304
         925        1304
         926        1304
         927        1304
         928        1304
         929        1304
         930        1304
         931        1304
         932        1304
         933        1304
         934        1304
         935        1304
         936        1304
         937        1304
         917        1305
         918        1305
         919        1305
         920        1305
         921        1305
         922        1305
         923        1305
         924        1305
         925        1305
         926        1305
         927        1305
         928        1305
         929        1305
         930        1305
         931        1305
         932        1305
         933        1305
         934        1305
         935        1305
         936        1305
         937        1305
         938        1305
         917        1306
         918        1306
         919        1306
         920        1306
         921        1306
         922        1306
         923        1306
         924        1306
         925        1306
         926        1306
         927        1306
         928        1306
         929        1306
         930        1306
         931        1306
         932        1306
         933        1306
         934        1306
         935        1306
         936        1306
         937        1306
         938        1306
         918        1307
         919        1307
         920        1307
         921        1307
         922        1307
         923        1307
         924        1307
         925        1307
         926        1307
         927        1307
         928        1307
         929        1307
         930        1307
         931        1307
         932        1307
         933        1307
         934        1307
         935        1307
         936        1307
         937        1307
         938        1307
         918        1308
         919        1308
         920        1308
         921        1308
         922        1308
         923        1308
         924        1308
         925        1308
         926        1308
         927        1308
         928        1308
         929        1308
         930        1308
         931        1308
         932        1308
         933        1308
         934        1308
         935        1308
         936        1308
         937        1308
         938        1308
         939        1308
         918        1309
         919        1309
         920        1309
         921        1309
         922        1309
         923        1309
         924        1309
         925        1309
         926        1309
         927        1309
         928        1309
         929        1309
         930        1309
         931        1309
         932        1309
         933        1309
         934        1309
         935        1309
         936        1309
         937        1309
         938        1309
         939        1309
         919        1310
         920        1310
         921        1310
         922        1310
         923        1310
         924        1310
         925        1310
         926        1310
         927        1310
         928        1310
         929        1310
         930        1310
         931        1310
         932        1310
         933        1310
         934        1310
         935        1310
         936        1310
         937        1310
         938        1310
         939        1310
         940        1310
         919        1311
         920        1311
         921        1311
         922        1311
         923        1311
         924        1311
         925        1311
         926        1311
         927        1311
         928        1311
         929        1311
         930        1311
         931        1311
         932        1311
         933        1311
         934        1311
         935        1311
         936        1311
         937        1311
         938        1311
         939        1311
         920        1312
         921        1312
         922        1312
         923        1312
         924        1312
         925        1312
         926        1312
         927        1312
         928        1312
         929        1312
         930        1312
         931        1312
         932        1312
         933        1312
         934        1312
         935        1312
         936        1312
         920        1313
         921        1313
         922        1313
         923        1313
         924        1313
         925        1313
         926        1313
         927        1313
         928        1313
         929        1313
         930        1313
         931        1313
         932        1313
         933        1313
         934        1313
         920        1314
         921        1314
         922        1314
         923        1314
         924        1314
         925        1314
         926        1314
         927        1314
         928        1314
         929        1314
         930        1314
         931        1314
         932        1314
         921        1315
         922        1315
         923        1315
         924        1315
         925        1315
         926        1315
         927        1315
         928        1315
         929        1315
         921        1316
         922        1316
         923        1316
         924        1316
         925        1316
         926        1316
         927        1316
         921        1317
         922        1317
         923        1317
         924        1317
         925        1317
         922        1318
