         890        1181
         888        1182
         889        1182
         890        1182
         891        1182
         886        1183
         887        1183
         888        1183
         889        1183
         890        1183
         891        1183
         884        1184
         885        1184
         886        1184
         887        1184
         888        1184
         889        1184
         890        1184
         891        1184
         892        1184
         882        1185
         883        1185
         884        1185
         885        1185
         886        1185
         887        1185
         888        1185
         889        1185
         890        1185
         891        1185
         892        1185
         880        1186
         881        1186
         882        1186
         883        1186
         884        1186
         885        1186
         886        1186
         887        1186
         888        1186
         889        1186
         890        1186
         891        1186
         892        1186
         893        1186
         878        1187
         879        1187
         880        1187
         881        1187
         882        1187
         883        1187
         884        1187
         885        1187
         886        1187
         887        1187
         888        1187
         889        1187
         890        1187
         891        1187
         892        1187
         893        1187
         876        1188
         877        1188
         878        1188
         879        1188
         880        1188
         881        1188
         882        1188
         883        1188
         884        1188
         885        1188
         886        1188
         887        1188
         888        1188
         889        1188
         890        1188
         891        1188
         892        1188
         893        1188
         894        1188
         874        1189
         875        1189
         876        1189
         877        1189
         878        1189
         879        1189
         880        1189
         881        1189
         882        1189
         883        1189
         884        1189
         885        1189
         886        1189
         887        1189
         888        1189
         889        1189
         890        1189
         891        1189
         892        1189
         893        1189
         894        1189
         873        1190
         874        1190
         875        1190
         876        1190
         877        1190
         878        1190
         879        1190
         880        1190
         881        1190
         882        1190
         883        1190
         884        1190
         885        1190
         886        1190
         887        1190
         888        1190
         889        1190
         890        1190
         891        1190
         892        1190
         893        1190
         894        1190
         895        1190
         874        1191
         875        1191
         876        1191
         877        1191
         878        1191
         879        1191
         880        1191
         881        1191
         882        1191
         883        1191
         884        1191
         885        1191
         886        1191
         887        1191
         888        1191
         889        1191
         890        1191
         891        1191
         892        1191
         893        1191
         894        1191
         895        1191
         874        1192
         875        1192
         876        1192
         877        1192
         878        1192
         879        1192
         880        1192
         881        1192
         882        1192
         883        1192
         884        1192
         885        1192
         886        1192
         887        1192
         888        1192
         889        1192
         890        1192
         891        1192
         892        1192
         893        1192
         894        1192
         895        1192
         896        1192
         875        1193
         876        1193
         877        1193
         878        1193
         879        1193
         880        1193
         881        1193
         882        1193
         883        1193
         884        1193
         885        1193
         886        1193
         887        1193
         888        1193
         889        1193
         890        1193
         891        1193
         892        1193
         893        1193
         894        1193
         895        1193
         896        1193
         875        1194
         876        1194
         877        1194
         878        1194
         879        1194
         880        1194
         881        1194
         882        1194
         883        1194
         884        1194
         885        1194
         886        1194
         887        1194
         888        1194
         889        1194
         890        1194
         891        1194
         892        1194
         893        1194
         894        1194
         895        1194
         896        1194
         897        1194
         876        1195
         877        1195
         878        1195
         879        1195
         880        1195
         881        1195
         882        1195
         883        1195
         884        1195
         885        1195
         886        1195
         887        1195
         888        1195
         889        1195
         890        1195
         891        1195
         892        1195
         893        1195
         894        1195
         895        1195
         896        1195
         897        1195
         876        1196
         877        1196
         878        1196
         879        1196
         880        1196
         881        1196
         882        1196
         883        1196
         884        1196
         885        1196
         886        1196
         887        1196
         888        1196
         889        1196
         890        1196
         891        1196
         892        1196
         893        1196
         894        1196
         895        1196
         896        1196
         897        1196
         898        1196
         877        1197
         878        1197
         879        1197
         880        1197
         881        1197
         882        1197
         883        1197
         884        1197
         885        1197
         886        1197
         887        1197
         888        1197
         889        1197
         890        1197
         891        1197
         892        1197
         893        1197
         894        1197
         895        1197
         896        1197
         897        1197
         898        1197
         877        1198
         878        1198
         879        1198
         880        1198
         881        1198
         882        1198
         883        1198
         884        1198
         885        1198
         886        1198
         887        1198
         888        1198
         889        1198
         890        1198
         891        1198
         892        1198
         893        1198
         894        1198
         895        1198
         896        1198
         897        1198
         898        1198
         899        1198
         878        1199
         879        1199
         880        1199
         881        1199
         882        1199
         883        1199
         884        1199
         885        1199
         886        1199
         887        1199
         888        1199
         889        1199
         890        1199
         891        1199
         892        1199
         893        1199
         894        1199
         895        1199
         896        1199
         897        1199
         898        1199
         878        1200
         879        1200
         880        1200
         881        1200
         882        1200
         883        1200
         884        1200
         885        1200
         886        1200
         887        1200
         888        1200
         889        1200
         890        1200
         891        1200
         892        1200
         893        1200
         894        1200
         895        1200
         896        1200
         879        1201
         880        1201
         881        1201
         882        1201
         883        1201
         884        1201
         885        1201
         886        1201
         887        1201
         888        1201
         889        1201
         890        1201
         891        1201
         892        1201
         893        1201
         894        1201
         879        1202
         880        1202
         881        1202
         882        1202
         883        1202
         884        1202
         885        1202
         886        1202
         887        1202
         888        1202
         889        1202
         890        1202
         891        1202
         892        1202
         880        1203
         881        1203
         882        1203
         883        1203
         884        1203
         885        1203
         886        1203
         887        1203
         888        1203
         889        1203
         890        1203
         880        1204
         881        1204
         882        1204
         883        1204
         884        1204
         885        1204
         886        1204
         887        1204
         888        1204
         881        1205
         882        1205
         883        1205
         884        1205
         885        1205
         886        1205
         881        1206
         882        1206
         883        1206
         884        1206
         882        1207
