         868        1413
         866        1414
         867        1414
         868        1414
         869        1414
         863        1415
         864        1415
         865        1415
         866        1415
         867        1415
         868        1415
         869        1415
         861        1416
         862        1416
         863        1416
         864        1416
         865        1416
         866        1416
         867        1416
         868        1416
         869        1416
         859        1417
         860        1417
         861        1417
         862        1417
         863        1417
         864        1417
         865        1417
         866        1417
         867        1417
         868        1417
         869        1417
         870        1417
         857        1418
         858        1418
         859        1418
         860        1418
         861        1418
         862        1418
         863        1418
         864        1418
         865        1418
         866        1418
         867        1418
         868        1418
         869        1418
         870        1418
         854        1419
         855        1419
         856        1419
         857        1419
         858        1419
         859        1419
         860        1419
         861        1419
         862        1419
         863        1419
         864        1419
         865        1419
         866        1419
         867        1419
         868        1419
         869        1419
         870        1419
         871        1419
         852        1420
         853        1420
         854        1420
         855        1420
         856        1420
         857        1420
         858        1420
         859        1420
         860        1420
         861        1420
         862        1420
         863        1420
         864        1420
         865        1420
         866        1420
         867        1420
         868        1420
         869        1420
         870        1420
         871        1420
         851        1421
         852        1421
         853        1421
         854        1421
         855        1421
         856        1421
         857        1421
         858        1421
         859        1421
         860        1421
         861        1421
         862        1421
         863        1421
         864        1421
         865        1421
         866        1421
         867        1421
         868        1421
         869        1421
         870        1421
         871        1421
         872        1421
         852        1422
         853        1422
         854        1422
         855        1422
         856        1422
         857        1422
         858        1422
         859        1422
         860        1422
         861        1422
         862        1422
         863        1422
         864        1422
         865        1422
         866        1422
         867        1422
         868        1422
         869        1422
         870        1422
         871        1422
         872        1422
         852        1423
         853        1423
         854        1423
         855        1423
         856        1423
         857        1423
         858        1423
         859        1423
         860        1423
         861        1423
         862        1423
         863        1423
         864        1423
         865        1423
         866        1423
         867        1423
         868        1423
         869        1423
         870        1423
         871        1423
         872        1423
         852        1424
         853        1424
         854        1424
         855        1424
         856        1424
         857        1424
         858        1424
         859        1424
         860        1424
         861        1424
         862        1424
         863        1424
         864        1424
         865        1424
         866        1424
         867        1424
         868        1424
         869        1424
         870        1424
         871        1424
         872        1424
         873        1424
         853        1425
         854        1425
         855        1425
         856        1425
         857        1425
         858        1425
         859        1425
         860        1425
         861        1425
         862        1425
         863        1425
         864        1425
         865        1425
         866        1425
         867        1425
         868        1425
         869        1425
         870        1425
         871        1425
         872        1425
         873        1425
         853        1426
         854        1426
         855        1426
         856        1426
         857        1426
         858        1426
         859        1426
         860        1426
         861        1426
         862        1426
         863        1426
         864        1426
         865        1426
         866        1426
         867        1426
         868        1426
         869        1426
         870        1426
         871        1426
         872        1426
         873        1426
         874        1426
         854        1427
         855        1427
         856        1427
         857        1427
         858        1427
         859        1427
         860        1427
         861        1427
         862        1427
         863        1427
         864        1427
         865        1427
         866        1427
         867        1427
         868        1427
         869        1427
         870        1427
         871        1427
         872        1427
         873        1427
         874        1427
         854        1428
         855        1428
         856        1428
         857        1428
         858        1428
         859        1428
         860        1428
         861        1428
         862        1428
         863        1428
         864        1428
         865        1428
         866        1428
         867        1428
         868        1428
         869        1428
         870        1428
         871        1428
         872        1428
         873        1428
         874        1428
         875        1428
         855        1429
         856        1429
         857        1429
         858        1429
         859        1429
         860        1429
         861        1429
         862        1429
         863        1429
         864        1429
         865        1429
         866        1429
         867        1429
         868        1429
         869        1429
         870        1429
         871        1429
         872        1429
         873        1429
         874        1429
         875        1429
         855        1430
         856        1430
         857        1430
         858        1430
         859        1430
         860        1430
         861        1430
         862        1430
         863        1430
         864        1430
         865        1430
         866        1430
         867        1430
         868        1430
         869        1430
         870        1430
         871        1430
         872        1430
         873        1430
         874        1430
         875        1430
         855        1431
         856        1431
         857        1431
         858        1431
         859        1431
         860        1431
         861        1431
         862        1431
         863        1431
         864        1431
         865        1431
         866        1431
         867        1431
         868        1431
         869        1431
         870        1431
         871        1431
         872        1431
         873        1431
         874        1431
         875        1431
         876        1431
         856        1432
         857        1432
         858        1432
         859        1432
         860        1432
         861        1432
         862        1432
         863        1432
         864        1432
         865        1432
         866        1432
         867        1432
         868        1432
         869        1432
         870        1432
         871        1432
         872        1432
         873        1432
         874        1432
         875        1432
         856        1433
         857        1433
         858        1433
         859        1433
         860        1433
         861        1433
         862        1433
         863        1433
         864        1433
         865        1433
         866        1433
         867        1433
         868        1433
         869        1433
         870        1433
         871        1433
         872        1433
         873        1433
         857        1434
         858        1434
         859        1434
         860        1434
         861        1434
         862        1434
         863        1434
         864        1434
         865        1434
         866        1434
         867        1434
         868        1434
         869        1434
         870        1434
         857        1435
         858        1435
         859        1435
         860        1435
         861        1435
         862        1435
         863        1435
         864        1435
         865        1435
         866        1435
         867        1435
         868        1435
         858        1436
         859        1436
         860        1436
         861        1436
         862        1436
         863        1436
         864        1436
         865        1436
         866        1436
         858        1437
         859        1437
         860        1437
         861        1437
         862        1437
         863        1437
         864        1437
         858        1438
         859        1438
         860        1438
         861        1438
         859        1439
