         847        1511
         845        1512
         846        1512
         847        1512
         848        1512
         843        1513
         844        1513
         845        1513
         846        1513
         847        1513
         848        1513
         841        1514
         842        1514
         843        1514
         844        1514
         845        1514
         846        1514
         847        1514
         848        1514
         839        1515
         840        1515
         841        1515
         842        1515
         843        1515
         844        1515
         845        1515
         846        1515
         847        1515
         848        1515
         849        1515
         837        1516
         838        1516
         839        1516
         840        1516
         841        1516
         842        1516
         843        1516
         844        1516
         845        1516
         846        1516
         847        1516
         848        1516
         849        1516
         835        1517
         836        1517
         837        1517
         838        1517
         839        1517
         840        1517
         841        1517
         842        1517
         843        1517
         844        1517
         845        1517
         846        1517
         847        1517
         848        1517
         849        1517
         850        1517
         833        1518
         834        1518
         835        1518
         836        1518
         837        1518
         838        1518
         839        1518
         840        1518
         841        1518
         842        1518
         843        1518
         844        1518
         845        1518
         846        1518
         847        1518
         848        1518
         849        1518
         850        1518
         831        1519
         832        1519
         833        1519
         834        1519
         835        1519
         836        1519
         837        1519
         838        1519
         839        1519
         840        1519
         841        1519
         842        1519
         843        1519
         844        1519
         845        1519
         846        1519
         847        1519
         848        1519
         849        1519
         850        1519
         851        1519
         830        1520
         831        1520
         832        1520
         833        1520
         834        1520
         835        1520
         836        1520
         837        1520
         838        1520
         839        1520
         840        1520
         841        1520
         842        1520
         843        1520
         844        1520
         845        1520
         846        1520
         847        1520
         848        1520
         849        1520
         850        1520
         851        1520
         831        1521
         832        1521
         833        1521
         834        1521
         835        1521
         836        1521
         837        1521
         838        1521
         839        1521
         840        1521
         841        1521
         842        1521
         843        1521
         844        1521
         845        1521
         846        1521
         847        1521
         848        1521
         849        1521
         850        1521
         851        1521
         831        1522
         832        1522
         833        1522
         834        1522
         835        1522
         836        1522
         837        1522
         838        1522
         839        1522
         840        1522
         841        1522
         842        1522
         843        1522
         844        1522
         845        1522
         846        1522
         847        1522
         848        1522
         849        1522
         850        1522
         851        1522
         852        1522
         832        1523
         833        1523
         834        1523
         835        1523
         836        1523
         837        1523
         838        1523
         839        1523
         840        1523
         841        1523
         842        1523
         843        1523
         844        1523
         845        1523
         846        1523
         847        1523
         848        1523
         849        1523
         850        1523
         851        1523
         852        1523
         832        1524
         833        1524
         834        1524
         835        1524
         836        1524
         837        1524
         838        1524
         839        1524
         840        1524
         841        1524
         842        1524
         843        1524
         844        1524
         845        1524
         846        1524
         847        1524
         848        1524
         849        1524
         850        1524
         851        1524
         852        1524
         853        1524
         832        1525
         833        1525
         834        1525
         835        1525
         836        1525
         837        1525
         838        1525
         839        1525
         840        1525
         841        1525
         842        1525
         843        1525
         844        1525
         845        1525
         846        1525
         847        1525
         848        1525
         849        1525
         850        1525
         851        1525
         852        1525
         853        1525
         833        1526
         834        1526
         835        1526
         836        1526
         837        1526
         838        1526
         839        1526
         840        1526
         841        1526
         842        1526
         843        1526
         844        1526
         845        1526
         846        1526
         847        1526
         848        1526
         849        1526
         850        1526
         851        1526
         852        1526
         853        1526
         854        1526
         833        1527
         834        1527
         835        1527
         836        1527
         837        1527
         838        1527
         839        1527
         840        1527
         841        1527
         842        1527
         843        1527
         844        1527
         845        1527
         846        1527
         847        1527
         848        1527
         849        1527
         850        1527
         851        1527
         852        1527
         853        1527
         854        1527
         834        1528
         835        1528
         836        1528
         837        1528
         838        1528
         839        1528
         840        1528
         841        1528
         842        1528
         843        1528
         844        1528
         845        1528
         846        1528
         847        1528
         848        1528
         849        1528
         850        1528
         851        1528
         852        1528
         853        1528
         854        1528
         834        1529
         835        1529
         836        1529
         837        1529
         838        1529
         839        1529
         840        1529
         841        1529
         842        1529
         843        1529
         844        1529
         845        1529
         846        1529
         847        1529
         848        1529
         849        1529
         850        1529
         851        1529
         852        1529
         853        1529
         854        1529
         855        1529
         835        1530
         836        1530
         837        1530
         838        1530
         839        1530
         840        1530
         841        1530
         842        1530
         843        1530
         844        1530
         845        1530
         846        1530
         847        1530
         848        1530
         849        1530
         850        1530
         851        1530
         852        1530
         853        1530
         854        1530
         835        1531
         836        1531
         837        1531
         838        1531
         839        1531
         840        1531
         841        1531
         842        1531
         843        1531
         844        1531
         845        1531
         846        1531
         847        1531
         848        1531
         849        1531
         850        1531
         851        1531
         852        1531
         836        1532
         837        1532
         838        1532
         839        1532
         840        1532
         841        1532
         842        1532
         843        1532
         844        1532
         845        1532
         846        1532
         847        1532
         848        1532
         849        1532
         836        1533
         837        1533
         838        1533
         839        1533
         840        1533
         841        1533
         842        1533
         843        1533
         844        1533
         845        1533
         846        1533
         847        1533
         836        1534
         837        1534
         838        1534
         839        1534
         840        1534
         841        1534
         842        1534
         843        1534
         844        1534
         845        1534
         837        1535
         838        1535
         839        1535
         840        1535
         841        1535
         842        1535
         843        1535
         837        1536
         838        1536
         839        1536
         840        1536
         838        1537
