         721        1614
         719        1615
         720        1615
         721        1615
         722        1615
         716        1616
         717        1616
         718        1616
         719        1616
         720        1616
         721        1616
         722        1616
         714        1617
         715        1617
         716        1617
         717        1617
         718        1617
         719        1617
         720        1617
         721        1617
         722        1617
         723        1617
         712        1618
         713        1618
         714        1618
         715        1618
         716        1618
         717        1618
         718        1618
         719        1618
         720        1618
         721        1618
         722        1618
         723        1618
         710        1619
         711        1619
         712        1619
         713        1619
         714        1619
         715        1619
         716        1619
         717        1619
         718        1619
         719        1619
         720        1619
         721        1619
         722        1619
         723        1619
         707        1620
         708        1620
         709        1620
         710        1620
         711        1620
         712        1620
         713        1620
         714        1620
         715        1620
         716        1620
         717        1620
         718        1620
         719        1620
         720        1620
         721        1620
         722        1620
         723        1620
         724        1620
         705        1621
         706        1621
         707        1621
         708        1621
         709        1621
         710        1621
         711        1621
         712        1621
         713        1621
         714        1621
         715        1621
         716        1621
         717        1621
         718        1621
         719        1621
         720        1621
         721        1621
         722        1621
         723        1621
         724        1621
         704        1622
         705        1622
         706        1622
         707        1622
         708        1622
         709        1622
         710        1622
         711        1622
         712        1622
         713        1622
         714        1622
         715        1622
         716        1622
         717        1622
         718        1622
         719        1622
         720        1622
         721        1622
         722        1622
         723        1622
         724        1622
         725        1622
         705        1623
         706        1623
         707        1623
         708        1623
         709        1623
         710        1623
         711        1623
         712        1623
         713        1623
         714        1623
         715        1623
         716        1623
         717        1623
         718        1623
         719        1623
         720        1623
         721        1623
         722        1623
         723        1623
         724        1623
         725        1623
         705        1624
         706        1624
         707        1624
         708        1624
         709        1624
         710        1624
         711        1624
         712        1624
         713        1624
         714        1624
         715        1624
         716        1624
         717        1624
         718        1624
         719        1624
         720        1624
         721        1624
         722        1624
         723        1624
         724        1624
         725        1624
         726        1624
         705        1625
         706        1625
         707        1625
         708        1625
         709        1625
         710        1625
         711        1625
         712        1625
         713        1625
         714        1625
         715        1625
         716        1625
         717        1625
         718        1625
         719        1625
         720        1625
         721        1625
         722        1625
         723        1625
         724        1625
         725        1625
         726        1625
         706        1626
         707        1626
         708        1626
         709        1626
         710        1626
         711        1626
         712        1626
         713        1626
         714        1626
         715        1626
         716        1626
         717        1626
         718        1626
         719        1626
         720        1626
         721        1626
         722        1626
         723        1626
         724        1626
         725        1626
         726        1626
         727        1626
         706        1627
         707        1627
         708        1627
         709        1627
         710        1627
         711        1627
         712        1627
         713        1627
         714        1627
         715        1627
         716        1627
         717        1627
         718        1627
         719        1627
         720        1627
         721        1627
         722        1627
         723        1627
         724        1627
         725        1627
         726        1627
         727        1627
         707        1628
         708        1628
         709        1628
         710        1628
         711        1628
         712        1628
         713        1628
         714        1628
         715        1628
         716        1628
         717        1628
         718        1628
         719        1628
         720        1628
         721        1628
         722        1628
         723        1628
         724        1628
         725        1628
         726        1628
         727        1628
         707        1629
         708        1629
         709        1629
         710        1629
         711        1629
         712        1629
         713        1629
         714        1629
         715        1629
         716        1629
         717        1629
         718        1629
         719        1629
         720        1629
         721        1629
         722        1629
         723        1629
         724        1629
         725        1629
         726        1629
         727        1629
         728        1629
         708        1630
         709        1630
         710        1630
         711        1630
         712        1630
         713        1630
         714        1630
         715        1630
         716        1630
         717        1630
         718        1630
         719        1630
         720        1630
         721        1630
         722        1630
         723        1630
         724        1630
         725        1630
         726        1630
         727        1630
         728        1630
         708        1631
         709        1631
         710        1631
         711        1631
         712        1631
         713        1631
         714        1631
         715        1631
         716        1631
         717        1631
         718        1631
         719        1631
         720        1631
         721        1631
         722        1631
         723        1631
         724        1631
         725        1631
         726        1631
         727        1631
         728        1631
         729        1631
         708        1632
         709        1632
         710        1632
         711        1632
         712        1632
         713        1632
         714        1632
         715        1632
         716        1632
         717        1632
         718        1632
         719        1632
         720        1632
         721        1632
         722        1632
         723        1632
         724        1632
         725        1632
         726        1632
         727        1632
         728        1632
         709        1633
         710        1633
         711        1633
         712        1633
         713        1633
         714        1633
         715        1633
         716        1633
         717        1633
         718        1633
         719        1633
         720        1633
         721        1633
         722        1633
         723        1633
         724        1633
         725        1633
         726        1633
         709        1634
         710        1634
         711        1634
         712        1634
         713        1634
         714        1634
         715        1634
         716        1634
         717        1634
         718        1634
         719        1634
         720        1634
         721        1634
         722        1634
         723        1634
         724        1634
         710        1635
         711        1635
         712        1635
         713        1635
         714        1635
         715        1635
         716        1635
         717        1635
         718        1635
         719        1635
         720        1635
         721        1635
         722        1635
         710        1636
         711        1636
         712        1636
         713        1636
         714        1636
         715        1636
         716        1636
         717        1636
         718        1636
         719        1636
         720        1636
         711        1637
         712        1637
         713        1637
         714        1637
         715        1637
         716        1637
         717        1637
         718        1637
         711        1638
         712        1638
         713        1638
         714        1638
         715        1638
         716        1638
         711        1639
         712        1639
         713        1639
         714        1639
         712        1640
