         857        1485
         855        1486
         856        1486
         857        1486
         858        1486
         852        1487
         853        1487
         854        1487
         855        1487
         856        1487
         857        1487
         858        1487
         850        1488
         851        1488
         852        1488
         853        1488
         854        1488
         855        1488
         856        1488
         857        1488
         858        1488
         859        1488
         848        1489
         849        1489
         850        1489
         851        1489
         852        1489
         853        1489
         854        1489
         855        1489
         856        1489
         857        1489
         858        1489
         859        1489
         846        1490
         847        1490
         848        1490
         849        1490
         850        1490
         851        1490
         852        1490
         853        1490
         854        1490
         855        1490
         856        1490
         857        1490
         858        1490
         859        1490
         843        1491
         844        1491
         845        1491
         846        1491
         847        1491
         848        1491
         849        1491
         850        1491
         851        1491
         852        1491
         853        1491
         854        1491
         855        1491
         856        1491
         857        1491
         858        1491
         859        1491
         860        1491
         841        1492
         842        1492
         843        1492
         844        1492
         845        1492
         846        1492
         847        1492
         848        1492
         849        1492
         850        1492
         851        1492
         852        1492
         853        1492
         854        1492
         855        1492
         856        1492
         857        1492
         858        1492
         859        1492
         860        1492
         840        1493
         841        1493
         842        1493
         843        1493
         844        1493
         845        1493
         846        1493
         847        1493
         848        1493
         849        1493
         850        1493
         851        1493
         852        1493
         853        1493
         854        1493
         855        1493
         856        1493
         857        1493
         858        1493
         859        1493
         860        1493
         861        1493
         841        1494
         842        1494
         843        1494
         844        1494
         845        1494
         846        1494
         847        1494
         848        1494
         849        1494
         850        1494
         851        1494
         852        1494
         853        1494
         854        1494
         855        1494
         856        1494
         857        1494
         858        1494
         859        1494
         860        1494
         861        1494
         841        1495
         842        1495
         843        1495
         844        1495
         845        1495
         846        1495
         847        1495
         848        1495
         849        1495
         850        1495
         851        1495
         852        1495
         853        1495
         854        1495
         855        1495
         856        1495
         857        1495
         858        1495
         859        1495
         860        1495
         861        1495
         862        1495
         842        1496
         843        1496
         844        1496
         845        1496
         846        1496
         847        1496
         848        1496
         849        1496
         850        1496
         851        1496
         852        1496
         853        1496
         854        1496
         855        1496
         856        1496
         857        1496
         858        1496
         859        1496
         860        1496
         861        1496
         862        1496
         842        1497
         843        1497
         844        1497
         845        1497
         846        1497
         847        1497
         848        1497
         849        1497
         850        1497
         851        1497
         852        1497
         853        1497
         854        1497
         855        1497
         856        1497
         857        1497
         858        1497
         859        1497
         860        1497
         861        1497
         862        1497
         863        1497
         842        1498
         843        1498
         844        1498
         845        1498
         846        1498
         847        1498
         848        1498
         849        1498
         850        1498
         851        1498
         852        1498
         853        1498
         854        1498
         855        1498
         856        1498
         857        1498
         858        1498
         859        1498
         860        1498
         861        1498
         862        1498
         863        1498
         843        1499
         844        1499
         845        1499
         846        1499
         847        1499
         848        1499
         849        1499
         850        1499
         851        1499
         852        1499
         853        1499
         854        1499
         855        1499
         856        1499
         857        1499
         858        1499
         859        1499
         860        1499
         861        1499
         862        1499
         863        1499
         843        1500
         844        1500
         845        1500
         846        1500
         847        1500
         848        1500
         849        1500
         850        1500
         851        1500
         852        1500
         853        1500
         854        1500
         855        1500
         856        1500
         857        1500
         858        1500
         859        1500
         860        1500
         861        1500
         862        1500
         863        1500
         864        1500
         844        1501
         845        1501
         846        1501
         847        1501
         848        1501
         849        1501
         850        1501
         851        1501
         852        1501
         853        1501
         854        1501
         855        1501
         856        1501
         857        1501
         858        1501
         859        1501
         860        1501
         861        1501
         862        1501
         863        1501
         864        1501
         844        1502
         845        1502
         846        1502
         847        1502
         848        1502
         849        1502
         850        1502
         851        1502
         852        1502
         853        1502
         854        1502
         855        1502
         856        1502
         857        1502
         858        1502
         859        1502
         860        1502
         861        1502
         862        1502
         863        1502
         864        1502
         865        1502
         845        1503
         846        1503
         847        1503
         848        1503
         849        1503
         850        1503
         851        1503
         852        1503
         853        1503
         854        1503
         855        1503
         856        1503
         857        1503
         858        1503
         859        1503
         860        1503
         861        1503
         862        1503
         863        1503
         864        1503
         845        1504
         846        1504
         847        1504
         848        1504
         849        1504
         850        1504
         851        1504
         852        1504
         853        1504
         854        1504
         855        1504
         856        1504
         857        1504
         858        1504
         859        1504
         860        1504
         861        1504
         862        1504
         846        1505
         847        1505
         848        1505
         849        1505
         850        1505
         851        1505
         852        1505
         853        1505
         854        1505
         855        1505
         856        1505
         857        1505
         858        1505
         859        1505
         846        1506
         847        1506
         848        1506
         849        1506
         850        1506
         851        1506
         852        1506
         853        1506
         854        1506
         855        1506
         856        1506
         857        1506
         846        1507
         847        1507
         848        1507
         849        1507
         850        1507
         851        1507
         852        1507
         853        1507
         854        1507
         855        1507
         847        1508
         848        1508
         849        1508
         850        1508
         851        1508
         852        1508
         853        1508
         847        1509
         848        1509
         849        1509
         850        1509
         848        1510
