         741        1424
         738        1425
         739        1425
         740        1425
         741        1425
         742        1425
         736        1426
         737        1426
         738        1426
         739        1426
         740        1426
         741        1426
         742        1426
         734        1427
         735        1427
         736        1427
         737        1427
         738        1427
         739        1427
         740        1427
         741        1427
         742        1427
         743        1427
         731        1428
         732        1428
         733        1428
         734        1428
         735        1428
         736        1428
         737        1428
         738        1428
         739        1428
         740        1428
         741        1428
         742        1428
         743        1428
         729        1429
         730        1429
         731        1429
         732        1429
         733        1429
         734        1429
         735        1429
         736        1429
         737        1429
         738        1429
         739        1429
         740        1429
         741        1429
         742        1429
         743        1429
         727        1430
         728        1430
         729        1430
         730        1430
         731        1430
         732        1430
         733        1430
         734        1430
         735        1430
         736        1430
         737        1430
         738        1430
         739        1430
         740        1430
         741        1430
         742        1430
         743        1430
         744        1430
         724        1431
         725        1431
         726        1431
         727        1431
         728        1431
         729        1431
         730        1431
         731        1431
         732        1431
         733        1431
         734        1431
         735        1431
         736        1431
         737        1431
         738        1431
         739        1431
         740        1431
         741        1431
         742        1431
         743        1431
         744        1431
         723        1432
         724        1432
         725        1432
         726        1432
         727        1432
         728        1432
         729        1432
         730        1432
         731        1432
         732        1432
         733        1432
         734        1432
         735        1432
         736        1432
         737        1432
         738        1432
         739        1432
         740        1432
         741        1432
         742        1432
         743        1432
         744        1432
         745        1432
         724        1433
         725        1433
         726        1433
         727        1433
         728        1433
         729        1433
         730        1433
         731        1433
         732        1433
         733        1433
         734        1433
         735        1433
         736        1433
         737        1433
         738        1433
         739        1433
         740        1433
         741        1433
         742        1433
         743        1433
         744        1433
         745        1433
         724        1434
         725        1434
         726        1434
         727        1434
         728        1434
         729        1434
         730        1434
         731        1434
         732        1434
         733        1434
         734        1434
         735        1434
         736        1434
         737        1434
         738        1434
         739        1434
         740        1434
         741        1434
         742        1434
         743        1434
         744        1434
         745        1434
         746        1434
         725        1435
         726        1435
         727        1435
         728        1435
         729        1435
         730        1435
         731        1435
         732        1435
         733        1435
         734        1435
         735        1435
         736        1435
         737        1435
         738        1435
         739        1435
         740        1435
         741        1435
         742        1435
         743        1435
         744        1435
         745        1435
         746        1435
         725        1436
         726        1436
         727        1436
         728        1436
         729        1436
         730        1436
         731        1436
         732        1436
         733        1436
         734        1436
         735        1436
         736        1436
         737        1436
         738        1436
         739        1436
         740        1436
         741        1436
         742        1436
         743        1436
         744        1436
         745        1436
         746        1436
         747        1436
         725        1437
         726        1437
         727        1437
         728        1437
         729        1437
         730        1437
         731        1437
         732        1437
         733        1437
         734        1437
         735        1437
         736        1437
         737        1437
         738        1437
         739        1437
         740        1437
         741        1437
         742        1437
         743        1437
         744        1437
         745        1437
         746        1437
         747        1437
         726        1438
         727        1438
         728        1438
         729        1438
         730        1438
         731        1438
         732        1438
         733        1438
         734        1438
         735        1438
         736        1438
         737        1438
         738        1438
         739        1438
         740        1438
         741        1438
         742        1438
         743        1438
         744        1438
         745        1438
         746        1438
         747        1438
         726        1439
         727        1439
         728        1439
         729        1439
         730        1439
         731        1439
         732        1439
         733        1439
         734        1439
         735        1439
         736        1439
         737        1439
         738        1439
         739        1439
         740        1439
         741        1439
         742        1439
         743        1439
         744        1439
         745        1439
         746        1439
         747        1439
         748        1439
         727        1440
         728        1440
         729        1440
         730        1440
         731        1440
         732        1440
         733        1440
         734        1440
         735        1440
         736        1440
         737        1440
         738        1440
         739        1440
         740        1440
         741        1440
         742        1440
         743        1440
         744        1440
         745        1440
         746        1440
         747        1440
         748        1440
         727        1441
         728        1441
         729        1441
         730        1441
         731        1441
         732        1441
         733        1441
         734        1441
         735        1441
         736        1441
         737        1441
         738        1441
         739        1441
         740        1441
         741        1441
         742        1441
         743        1441
         744        1441
         745        1441
         746        1441
         747        1441
         748        1441
         749        1441
         728        1442
         729        1442
         730        1442
         731        1442
         732        1442
         733        1442
         734        1442
         735        1442
         736        1442
         737        1442
         738        1442
         739        1442
         740        1442
         741        1442
         742        1442
         743        1442
         744        1442
         745        1442
         746        1442
         747        1442
         748        1442
         728        1443
         729        1443
         730        1443
         731        1443
         732        1443
         733        1443
         734        1443
         735        1443
         736        1443
         737        1443
         738        1443
         739        1443
         740        1443
         741        1443
         742        1443
         743        1443
         744        1443
         745        1443
         729        1444
         730        1444
         731        1444
         732        1444
         733        1444
         734        1444
         735        1444
         736        1444
         737        1444
         738        1444
         739        1444
         740        1444
         741        1444
         742        1444
         743        1444
         729        1445
         730        1445
         731        1445
         732        1445
         733        1445
         734        1445
         735        1445
         736        1445
         737        1445
         738        1445
         739        1445
         740        1445
         741        1445
         729        1446
         730        1446
         731        1446
         732        1446
         733        1446
         734        1446
         735        1446
         736        1446
         737        1446
         738        1446
         730        1447
         731        1447
         732        1447
         733        1447
         734        1447
         735        1447
         736        1447
         730        1448
         731        1448
         732        1448
         733        1448
         734        1448
         731        1449
