         723        1432
         720        1433
         721        1433
         722        1433
         723        1433
         724        1433
         718        1434
         719        1434
         720        1434
         721        1434
         722        1434
         723        1434
         724        1434
         716        1435
         717        1435
         718        1435
         719        1435
         720        1435
         721        1435
         722        1435
         723        1435
         724        1435
         713        1436
         714        1436
         715        1436
         716        1436
         717        1436
         718        1436
         719        1436
         720        1436
         721        1436
         722        1436
         723        1436
         724        1436
         725        1436
         711        1437
         712        1437
         713        1437
         714        1437
         715        1437
         716        1437
         717        1437
         718        1437
         719        1437
         720        1437
         721        1437
         722        1437
         723        1437
         724        1437
         725        1437
         709        1438
         710        1438
         711        1438
         712        1438
         713        1438
         714        1438
         715        1438
         716        1438
         717        1438
         718        1438
         719        1438
         720        1438
         721        1438
         722        1438
         723        1438
         724        1438
         725        1438
         726        1438
         706        1439
         707        1439
         708        1439
         709        1439
         710        1439
         711        1439
         712        1439
         713        1439
         714        1439
         715        1439
         716        1439
         717        1439
         718        1439
         719        1439
         720        1439
         721        1439
         722        1439
         723        1439
         724        1439
         725        1439
         726        1439
         705        1440
         706        1440
         707        1440
         708        1440
         709        1440
         710        1440
         711        1440
         712        1440
         713        1440
         714        1440
         715        1440
         716        1440
         717        1440
         718        1440
         719        1440
         720        1440
         721        1440
         722        1440
         723        1440
         724        1440
         725        1440
         726        1440
         706        1441
         707        1441
         708        1441
         709        1441
         710        1441
         711        1441
         712        1441
         713        1441
         714        1441
         715        1441
         716        1441
         717        1441
         718        1441
         719        1441
         720        1441
         721        1441
         722        1441
         723        1441
         724        1441
         725        1441
         726        1441
         727        1441
         706        1442
         707        1442
         708        1442
         709        1442
         710        1442
         711        1442
         712        1442
         713        1442
         714        1442
         715        1442
         716        1442
         717        1442
         718        1442
         719        1442
         720        1442
         721        1442
         722        1442
         723        1442
         724        1442
         725        1442
         726        1442
         727        1442
         707        1443
         708        1443
         709        1443
         710        1443
         711        1443
         712        1443
         713        1443
         714        1443
         715        1443
         716        1443
         717        1443
         718        1443
         719        1443
         720        1443
         721        1443
         722        1443
         723        1443
         724        1443
         725        1443
         726        1443
         727        1443
         707        1444
         708        1444
         709        1444
         710        1444
         711        1444
         712        1444
         713        1444
         714        1444
         715        1444
         716        1444
         717        1444
         718        1444
         719        1444
         720        1444
         721        1444
         722        1444
         723        1444
         724        1444
         725        1444
         726        1444
         727        1444
         728        1444
         707        1445
         708        1445
         709        1445
         710        1445
         711        1445
         712        1445
         713        1445
         714        1445
         715        1445
         716        1445
         717        1445
         718        1445
         719        1445
         720        1445
         721        1445
         722        1445
         723        1445
         724        1445
         725        1445
         726        1445
         727        1445
         728        1445
         708        1446
         709        1446
         710        1446
         711        1446
         712        1446
         713        1446
         714        1446
         715        1446
         716        1446
         717        1446
         718        1446
         719        1446
         720        1446
         721        1446
         722        1446
         723        1446
         724        1446
         725        1446
         726        1446
         727        1446
         728        1446
         729        1446
         708        1447
         709        1447
         710        1447
         711        1447
         712        1447
         713        1447
         714        1447
         715        1447
         716        1447
         717        1447
         718        1447
         719        1447
         720        1447
         721        1447
         722        1447
         723        1447
         724        1447
         725        1447
         726        1447
         727        1447
         728        1447
         729        1447
         709        1448
         710        1448
         711        1448
         712        1448
         713        1448
         714        1448
         715        1448
         716        1448
         717        1448
         718        1448
         719        1448
         720        1448
         721        1448
         722        1448
         723        1448
         724        1448
         725        1448
         726        1448
         727        1448
         728        1448
         729        1448
         709        1449
         710        1449
         711        1449
         712        1449
         713        1449
         714        1449
         715        1449
         716        1449
         717        1449
         718        1449
         719        1449
         720        1449
         721        1449
         722        1449
         723        1449
         724        1449
         725        1449
         726        1449
         727        1449
         728        1449
         729        1449
         730        1449
         710        1450
         711        1450
         712        1450
         713        1450
         714        1450
         715        1450
         716        1450
         717        1450
         718        1450
         719        1450
         720        1450
         721        1450
         722        1450
         723        1450
         724        1450
         725        1450
         726        1450
         727        1450
         728        1450
         729        1450
         710        1451
         711        1451
         712        1451
         713        1451
         714        1451
         715        1451
         716        1451
         717        1451
         718        1451
         719        1451
         720        1451
         721        1451
         722        1451
         723        1451
         724        1451
         725        1451
         726        1451
         727        1451
         711        1452
         712        1452
         713        1452
         714        1452
         715        1452
         716        1452
         717        1452
         718        1452
         719        1452
         720        1452
         721        1452
         722        1452
         723        1452
         724        1452
         711        1453
         712        1453
         713        1453
         714        1453
         715        1453
         716        1453
         717        1453
         718        1453
         719        1453
         720        1453
         721        1453
         722        1453
         711        1454
         712        1454
         713        1454
         714        1454
         715        1454
         716        1454
         717        1454
         718        1454
         719        1454
         720        1454
         712        1455
         713        1455
         714        1455
         715        1455
         716        1455
         717        1455
         718        1455
         712        1456
         713        1456
         714        1456
         715        1456
         713        1457
