         828        1351
         825        1352
         826        1352
         827        1352
         828        1352
         829        1352
         823        1353
         824        1353
         825        1353
         826        1353
         827        1353
         828        1353
         829        1353
         821        1354
         822        1354
         823        1354
         824        1354
         825        1354
         826        1354
         827        1354
         828        1354
         829        1354
         830        1354
         818        1355
         819        1355
         820        1355
         821        1355
         822        1355
         823        1355
         824        1355
         825        1355
         826        1355
         827        1355
         828        1355
         829        1355
         830        1355
         816        1356
         817        1356
         818        1356
         819        1356
         820        1356
         821        1356
         822        1356
         823        1356
         824        1356
         825        1356
         826        1356
         827        1356
         828        1356
         829        1356
         830        1356
         814        1357
         815        1357
         816        1357
         817        1357
         818        1357
         819        1357
         820        1357
         821        1357
         822        1357
         823        1357
         824        1357
         825        1357
         826        1357
         827        1357
         828        1357
         829        1357
         830        1357
         831        1357
         811        1358
         812        1358
         813        1358
         814        1358
         815        1358
         816        1358
         817        1358
         818        1358
         819        1358
         820        1358
         821        1358
         822        1358
         823        1358
         824        1358
         825        1358
         826        1358
         827        1358
         828        1358
         829        1358
         830        1358
         831        1358
         810        1359
         811        1359
         812        1359
         813        1359
         814        1359
         815        1359
         816        1359
         817        1359
         818        1359
         819        1359
         820        1359
         821        1359
         822        1359
         823        1359
         824        1359
         825        1359
         826        1359
         827        1359
         828        1359
         829        1359
         830        1359
         831        1359
         832        1359
         811        1360
         812        1360
         813        1360
         814        1360
         815        1360
         816        1360
         817        1360
         818        1360
         819        1360
         820        1360
         821        1360
         822        1360
         823        1360
         824        1360
         825        1360
         826        1360
         827        1360
         828        1360
         829        1360
         830        1360
         831        1360
         832        1360
         811        1361
         812        1361
         813        1361
         814        1361
         815        1361
         816        1361
         817        1361
         818        1361
         819        1361
         820        1361
         821        1361
         822        1361
         823        1361
         824        1361
         825        1361
         826        1361
         827        1361
         828        1361
         829        1361
         830        1361
         831        1361
         832        1361
         833        1361
         812        1362
         813        1362
         814        1362
         815        1362
         816        1362
         817        1362
         818        1362
         819        1362
         820        1362
         821        1362
         822        1362
         823        1362
         824        1362
         825        1362
         826        1362
         827        1362
         828        1362
         829        1362
         830        1362
         831        1362
         832        1362
         833        1362
         812        1363
         813        1363
         814        1363
         815        1363
         816        1363
         817        1363
         818        1363
         819        1363
         820        1363
         821        1363
         822        1363
         823        1363
         824        1363
         825        1363
         826        1363
         827        1363
         828        1363
         829        1363
         830        1363
         831        1363
         832        1363
         833        1363
         834        1363
         812        1364
         813        1364
         814        1364
         815        1364
         816        1364
         817        1364
         818        1364
         819        1364
         820        1364
         821        1364
         822        1364
         823        1364
         824        1364
         825        1364
         826        1364
         827        1364
         828        1364
         829        1364
         830        1364
         831        1364
         832        1364
         833        1364
         834        1364
         813        1365
         814        1365
         815        1365
         816        1365
         817        1365
         818        1365
         819        1365
         820        1365
         821        1365
         822        1365
         823        1365
         824        1365
         825        1365
         826        1365
         827        1365
         828        1365
         829        1365
         830        1365
         831        1365
         832        1365
         833        1365
         834        1365
         813        1366
         814        1366
         815        1366
         816        1366
         817        1366
         818        1366
         819        1366
         820        1366
         821        1366
         822        1366
         823        1366
         824        1366
         825        1366
         826        1366
         827        1366
         828        1366
         829        1366
         830        1366
         831        1366
         832        1366
         833        1366
         834        1366
         835        1366
         814        1367
         815        1367
         816        1367
         817        1367
         818        1367
         819        1367
         820        1367
         821        1367
         822        1367
         823        1367
         824        1367
         825        1367
         826        1367
         827        1367
         828        1367
         829        1367
         830        1367
         831        1367
         832        1367
         833        1367
         834        1367
         835        1367
         814        1368
         815        1368
         816        1368
         817        1368
         818        1368
         819        1368
         820        1368
         821        1368
         822        1368
         823        1368
         824        1368
         825        1368
         826        1368
         827        1368
         828        1368
         829        1368
         830        1368
         831        1368
         832        1368
         833        1368
         834        1368
         835        1368
         836        1368
         815        1369
         816        1369
         817        1369
         818        1369
         819        1369
         820        1369
         821        1369
         822        1369
         823        1369
         824        1369
         825        1369
         826        1369
         827        1369
         828        1369
         829        1369
         830        1369
         831        1369
         832        1369
         833        1369
         834        1369
         835        1369
         815        1370
         816        1370
         817        1370
         818        1370
         819        1370
         820        1370
         821        1370
         822        1370
         823        1370
         824        1370
         825        1370
         826        1370
         827        1370
         828        1370
         829        1370
         830        1370
         831        1370
         832        1370
         816        1371
         817        1371
         818        1371
         819        1371
         820        1371
         821        1371
         822        1371
         823        1371
         824        1371
         825        1371
         826        1371
         827        1371
         828        1371
         829        1371
         830        1371
         816        1372
         817        1372
         818        1372
         819        1372
         820        1372
         821        1372
         822        1372
         823        1372
         824        1372
         825        1372
         826        1372
         827        1372
         828        1372
         816        1373
         817        1373
         818        1373
         819        1373
         820        1373
         821        1373
         822        1373
         823        1373
         824        1373
         825        1373
         817        1374
         818        1374
         819        1374
         820        1374
         821        1374
         822        1374
         823        1374
         817        1375
         818        1375
         819        1375
         820        1375
         821        1375
         818        1376
