         755        1642
         753        1643
         754        1643
         755        1643
         756        1643
         750        1644
         751        1644
         752        1644
         753        1644
         754        1644
         755        1644
         756        1644
         748        1645
         749        1645
         750        1645
         751        1645
         752        1645
         753        1645
         754        1645
         755        1645
         756        1645
         757        1645
         746        1646
         747        1646
         748        1646
         749        1646
         750        1646
         751        1646
         752        1646
         753        1646
         754        1646
         755        1646
         756        1646
         757        1646
         744        1647
         745        1647
         746        1647
         747        1647
         748        1647
         749        1647
         750        1647
         751        1647
         752        1647
         753        1647
         754        1647
         755        1647
         756        1647
         757        1647
         758        1647
         741        1648
         742        1648
         743        1648
         744        1648
         745        1648
         746        1648
         747        1648
         748        1648
         749        1648
         750        1648
         751        1648
         752        1648
         753        1648
         754        1648
         755        1648
         756        1648
         757        1648
         758        1648
         739        1649
         740        1649
         741        1649
         742        1649
         743        1649
         744        1649
         745        1649
         746        1649
         747        1649
         748        1649
         749        1649
         750        1649
         751        1649
         752        1649
         753        1649
         754        1649
         755        1649
         756        1649
         757        1649
         758        1649
         759        1649
         738        1650
         739        1650
         740        1650
         741        1650
         742        1650
         743        1650
         744        1650
         745        1650
         746        1650
         747        1650
         748        1650
         749        1650
         750        1650
         751        1650
         752        1650
         753        1650
         754        1650
         755        1650
         756        1650
         757        1650
         758        1650
         759        1650
         739        1651
         740        1651
         741        1651
         742        1651
         743        1651
         744        1651
         745        1651
         746        1651
         747        1651
         748        1651
         749        1651
         750        1651
         751        1651
         752        1651
         753        1651
         754        1651
         755        1651
         756        1651
         757        1651
         758        1651
         759        1651
         760        1651
         739        1652
         740        1652
         741        1652
         742        1652
         743        1652
         744        1652
         745        1652
         746        1652
         747        1652
         748        1652
         749        1652
         750        1652
         751        1652
         752        1652
         753        1652
         754        1652
         755        1652
         756        1652
         757        1652
         758        1652
         759        1652
         760        1652
         740        1653
         741        1653
         742        1653
         743        1653
         744        1653
         745        1653
         746        1653
         747        1653
         748        1653
         749        1653
         750        1653
         751        1653
         752        1653
         753        1653
         754        1653
         755        1653
         756        1653
         757        1653
         758        1653
         759        1653
         760        1653
         761        1653
         740        1654
         741        1654
         742        1654
         743        1654
         744        1654
         745        1654
         746        1654
         747        1654
         748        1654
         749        1654
         750        1654
         751        1654
         752        1654
         753        1654
         754        1654
         755        1654
         756        1654
         757        1654
         758        1654
         759        1654
         760        1654
         761        1654
         741        1655
         742        1655
         743        1655
         744        1655
         745        1655
         746        1655
         747        1655
         748        1655
         749        1655
         750        1655
         751        1655
         752        1655
         753        1655
         754        1655
         755        1655
         756        1655
         757        1655
         758        1655
         759        1655
         760        1655
         761        1655
         762        1655
         741        1656
         742        1656
         743        1656
         744        1656
         745        1656
         746        1656
         747        1656
         748        1656
         749        1656
         750        1656
         751        1656
         752        1656
         753        1656
         754        1656
         755        1656
         756        1656
         757        1656
         758        1656
         759        1656
         760        1656
         761        1656
         762        1656
         742        1657
         743        1657
         744        1657
         745        1657
         746        1657
         747        1657
         748        1657
         749        1657
         750        1657
         751        1657
         752        1657
         753        1657
         754        1657
         755        1657
         756        1657
         757        1657
         758        1657
         759        1657
         760        1657
         761        1657
         762        1657
         763        1657
         742        1658
         743        1658
         744        1658
         745        1658
         746        1658
         747        1658
         748        1658
         749        1658
         750        1658
         751        1658
         752        1658
         753        1658
         754        1658
         755        1658
         756        1658
         757        1658
         758        1658
         759        1658
         760        1658
         761        1658
         762        1658
         763        1658
         743        1659
         744        1659
         745        1659
         746        1659
         747        1659
         748        1659
         749        1659
         750        1659
         751        1659
         752        1659
         753        1659
         754        1659
         755        1659
         756        1659
         757        1659
         758        1659
         759        1659
         760        1659
         761        1659
         762        1659
         763        1659
         764        1659
         743        1660
         744        1660
         745        1660
         746        1660
         747        1660
         748        1660
         749        1660
         750        1660
         751        1660
         752        1660
         753        1660
         754        1660
         755        1660
         756        1660
         757        1660
         758        1660
         759        1660
         760        1660
         761        1660
         762        1660
         763        1660
         744        1661
         745        1661
         746        1661
         747        1661
         748        1661
         749        1661
         750        1661
         751        1661
         752        1661
         753        1661
         754        1661
         755        1661
         756        1661
         757        1661
         758        1661
         759        1661
         760        1661
         761        1661
         744        1662
         745        1662
         746        1662
         747        1662
         748        1662
         749        1662
         750        1662
         751        1662
         752        1662
         753        1662
         754        1662
         755        1662
         756        1662
         757        1662
         758        1662
         745        1663
         746        1663
         747        1663
         748        1663
         749        1663
         750        1663
         751        1663
         752        1663
         753        1663
         754        1663
         755        1663
         756        1663
         745        1664
         746        1664
         747        1664
         748        1664
         749        1664
         750        1664
         751        1664
         752        1664
         753        1664
         754        1664
         746        1665
         747        1665
         748        1665
         749        1665
         750        1665
         751        1665
         752        1665
         746        1666
         747        1666
         748        1666
         749        1666
         747        1667
