         655        1352
         652        1353
         653        1353
         654        1353
         655        1353
         656        1353
         650        1354
         651        1354
         652        1354
         653        1354
         654        1354
         655        1354
         656        1354
         648        1355
         649        1355
         650        1355
         651        1355
         652        1355
         653        1355
         654        1355
         655        1355
         656        1355
         645        1356
         646        1356
         647        1356
         648        1356
         649        1356
         650        1356
         651        1356
         652        1356
         653        1356
         654        1356
         655        1356
         656        1356
         657        1356
         643        1357
         644        1357
         645        1357
         646        1357
         647        1357
         648        1357
         649        1357
         650        1357
         651        1357
         652        1357
         653        1357
         654        1357
         655        1357
         656        1357
         657        1357
         641        1358
         642        1358
         643        1358
         644        1358
         645        1358
         646        1358
         647        1358
         648        1358
         649        1358
         650        1358
         651        1358
         652        1358
         653        1358
         654        1358
         655        1358
         656        1358
         657        1358
         658        1358
         638        1359
         639        1359
         640        1359
         641        1359
         642        1359
         643        1359
         644        1359
         645        1359
         646        1359
         647        1359
         648        1359
         649        1359
         650        1359
         651        1359
         652        1359
         653        1359
         654        1359
         655        1359
         656        1359
         657        1359
         658        1359
         637        1360
         638        1360
         639        1360
         640        1360
         641        1360
         642        1360
         643        1360
         644        1360
         645        1360
         646        1360
         647        1360
         648        1360
         649        1360
         650        1360
         651        1360
         652        1360
         653        1360
         654        1360
         655        1360
         656        1360
         657        1360
         658        1360
         638        1361
         639        1361
         640        1361
         641        1361
         642        1361
         643        1361
         644        1361
         645        1361
         646        1361
         647        1361
         648        1361
         649        1361
         650        1361
         651        1361
         652        1361
         653        1361
         654        1361
         655        1361
         656        1361
         657        1361
         658        1361
         659        1361
         638        1362
         639        1362
         640        1362
         641        1362
         642        1362
         643        1362
         644        1362
         645        1362
         646        1362
         647        1362
         648        1362
         649        1362
         650        1362
         651        1362
         652        1362
         653        1362
         654        1362
         655        1362
         656        1362
         657        1362
         658        1362
         659        1362
         639        1363
         640        1363
         641        1363
         642        1363
         643        1363
         644        1363
         645        1363
         646        1363
         647        1363
         648        1363
         649        1363
         650        1363
         651        1363
         652        1363
         653        1363
         654        1363
         655        1363
         656        1363
         657        1363
         658        1363
         659        1363
         639        1364
         640        1364
         641        1364
         642        1364
         643        1364
         644        1364
         645        1364
         646        1364
         647        1364
         648        1364
         649        1364
         650        1364
         651        1364
         652        1364
         653        1364
         654        1364
         655        1364
         656        1364
         657        1364
         658        1364
         659        1364
         660        1364
         639        1365
         640        1365
         641        1365
         642        1365
         643        1365
         644        1365
         645        1365
         646        1365
         647        1365
         648        1365
         649        1365
         650        1365
         651        1365
         652        1365
         653        1365
         654        1365
         655        1365
         656        1365
         657        1365
         658        1365
         659        1365
         660        1365
         640        1366
         641        1366
         642        1366
         643        1366
         644        1366
         645        1366
         646        1366
         647        1366
         648        1366
         649        1366
         650        1366
         651        1366
         652        1366
         653        1366
         654        1366
         655        1366
         656        1366
         657        1366
         658        1366
         659        1366
         660        1366
         661        1366
         640        1367
         641        1367
         642        1367
         643        1367
         644        1367
         645        1367
         646        1367
         647        1367
         648        1367
         649        1367
         650        1367
         651        1367
         652        1367
         653        1367
         654        1367
         655        1367
         656        1367
         657        1367
         658        1367
         659        1367
         660        1367
         661        1367
         641        1368
         642        1368
         643        1368
         644        1368
         645        1368
         646        1368
         647        1368
         648        1368
         649        1368
         650        1368
         651        1368
         652        1368
         653        1368
         654        1368
         655        1368
         656        1368
         657        1368
         658        1368
         659        1368
         660        1368
         661        1368
         641        1369
         642        1369
         643        1369
         644        1369
         645        1369
         646        1369
         647        1369
         648        1369
         649        1369
         650        1369
         651        1369
         652        1369
         653        1369
         654        1369
         655        1369
         656        1369
         657        1369
         658        1369
         659        1369
         660        1369
         661        1369
         662        1369
         642        1370
         643        1370
         644        1370
         645        1370
         646        1370
         647        1370
         648        1370
         649        1370
         650        1370
         651        1370
         652        1370
         653        1370
         654        1370
         655        1370
         656        1370
         657        1370
         658        1370
         659        1370
         660        1370
         661        1370
         642        1371
         643        1371
         644        1371
         645        1371
         646        1371
         647        1371
         648        1371
         649        1371
         650        1371
         651        1371
         652        1371
         653        1371
         654        1371
         655        1371
         656        1371
         657        1371
         658        1371
         659        1371
         643        1372
         644        1372
         645        1372
         646        1372
         647        1372
         648        1372
         649        1372
         650        1372
         651        1372
         652        1372
         653        1372
         654        1372
         655        1372
         656        1372
         643        1373
         644        1373
         645        1373
         646        1373
         647        1373
         648        1373
         649        1373
         650        1373
         651        1373
         652        1373
         653        1373
         654        1373
         643        1374
         644        1374
         645        1374
         646        1374
         647        1374
         648        1374
         649        1374
         650        1374
         651        1374
         652        1374
         644        1375
         645        1375
         646        1375
         647        1375
         648        1375
         649        1375
         650        1375
         644        1376
         645        1376
         646        1376
         647        1376
         645        1377
