         922        1583
         920        1584
         921        1584
         922        1584
         923        1584
         917        1585
         918        1585
         919        1585
         920        1585
         921        1585
         922        1585
         923        1585
         915        1586
         916        1586
         917        1586
         918        1586
         919        1586
         920        1586
         921        1586
         922        1586
         923        1586
         924        1586
         913        1587
         914        1587
         915        1587
         916        1587
         917        1587
         918        1587
         919        1587
         920        1587
         921        1587
         922        1587
         923        1587
         924        1587
         911        1588
         912        1588
         913        1588
         914        1588
         915        1588
         916        1588
         917        1588
         918        1588
         919        1588
         920        1588
         921        1588
         922        1588
         923        1588
         924        1588
         908        1589
         909        1589
         910        1589
         911        1589
         912        1589
         913        1589
         914        1589
         915        1589
         916        1589
         917        1589
         918        1589
         919        1589
         920        1589
         921        1589
         922        1589
         923        1589
         924        1589
         925        1589
         906        1590
         907        1590
         908        1590
         909        1590
         910        1590
         911        1590
         912        1590
         913        1590
         914        1590
         915        1590
         916        1590
         917        1590
         918        1590
         919        1590
         920        1590
         921        1590
         922        1590
         923        1590
         924        1590
         925        1590
         905        1591
         906        1591
         907        1591
         908        1591
         909        1591
         910        1591
         911        1591
         912        1591
         913        1591
         914        1591
         915        1591
         916        1591
         917        1591
         918        1591
         919        1591
         920        1591
         921        1591
         922        1591
         923        1591
         924        1591
         925        1591
         926        1591
         906        1592
         907        1592
         908        1592
         909        1592
         910        1592
         911        1592
         912        1592
         913        1592
         914        1592
         915        1592
         916        1592
         917        1592
         918        1592
         919        1592
         920        1592
         921        1592
         922        1592
         923        1592
         924        1592
         925        1592
         926        1592
         906        1593
         907        1593
         908        1593
         909        1593
         910        1593
         911        1593
         912        1593
         913        1593
         914        1593
         915        1593
         916        1593
         917        1593
         918        1593
         919        1593
         920        1593
         921        1593
         922        1593
         923        1593
         924        1593
         925        1593
         926        1593
         927        1593
         906        1594
         907        1594
         908        1594
         909        1594
         910        1594
         911        1594
         912        1594
         913        1594
         914        1594
         915        1594
         916        1594
         917        1594
         918        1594
         919        1594
         920        1594
         921        1594
         922        1594
         923        1594
         924        1594
         925        1594
         926        1594
         927        1594
         907        1595
         908        1595
         909        1595
         910        1595
         911        1595
         912        1595
         913        1595
         914        1595
         915        1595
         916        1595
         917        1595
         918        1595
         919        1595
         920        1595
         921        1595
         922        1595
         923        1595
         924        1595
         925        1595
         926        1595
         927        1595
         928        1595
         907        1596
         908        1596
         909        1596
         910        1596
         911        1596
         912        1596
         913        1596
         914        1596
         915        1596
         916        1596
         917        1596
         918        1596
         919        1596
         920        1596
         921        1596
         922        1596
         923        1596
         924        1596
         925        1596
         926        1596
         927        1596
         928        1596
         908        1597
         909        1597
         910        1597
         911        1597
         912        1597
         913        1597
         914        1597
         915        1597
         916        1597
         917        1597
         918        1597
         919        1597
         920        1597
         921        1597
         922        1597
         923        1597
         924        1597
         925        1597
         926        1597
         927        1597
         928        1597
         908        1598
         909        1598
         910        1598
         911        1598
         912        1598
         913        1598
         914        1598
         915        1598
         916        1598
         917        1598
         918        1598
         919        1598
         920        1598
         921        1598
         922        1598
         923        1598
         924        1598
         925        1598
         926        1598
         927        1598
         928        1598
         929        1598
         909        1599
         910        1599
         911        1599
         912        1599
         913        1599
         914        1599
         915        1599
         916        1599
         917        1599
         918        1599
         919        1599
         920        1599
         921        1599
         922        1599
         923        1599
         924        1599
         925        1599
         926        1599
         927        1599
         928        1599
         929        1599
         909        1600
         910        1600
         911        1600
         912        1600
         913        1600
         914        1600
         915        1600
         916        1600
         917        1600
         918        1600
         919        1600
         920        1600
         921        1600
         922        1600
         923        1600
         924        1600
         925        1600
         926        1600
         927        1600
         928        1600
         929        1600
         930        1600
         909        1601
         910        1601
         911        1601
         912        1601
         913        1601
         914        1601
         915        1601
         916        1601
         917        1601
         918        1601
         919        1601
         920        1601
         921        1601
         922        1601
         923        1601
         924        1601
         925        1601
         926        1601
         927        1601
         928        1601
         929        1601
         910        1602
         911        1602
         912        1602
         913        1602
         914        1602
         915        1602
         916        1602
         917        1602
         918        1602
         919        1602
         920        1602
         921        1602
         922        1602
         923        1602
         924        1602
         925        1602
         926        1602
         927        1602
         910        1603
         911        1603
         912        1603
         913        1603
         914        1603
         915        1603
         916        1603
         917        1603
         918        1603
         919        1603
         920        1603
         921        1603
         922        1603
         923        1603
         924        1603
         925        1603
         911        1604
         912        1604
         913        1604
         914        1604
         915        1604
         916        1604
         917        1604
         918        1604
         919        1604
         920        1604
         921        1604
         922        1604
         923        1604
         911        1605
         912        1605
         913        1605
         914        1605
         915        1605
         916        1605
         917        1605
         918        1605
         919        1605
         920        1605
         921        1605
         912        1606
         913        1606
         914        1606
         915        1606
         916        1606
         917        1606
         918        1606
         919        1606
         912        1607
         913        1607
         914        1607
         915        1607
         916        1607
         917        1607
         912        1608
         913        1608
         914        1608
         915        1608
         913        1609
