         673        1344
         671        1345
         672        1345
         673        1345
         674        1345
         668        1346
         669        1346
         670        1346
         671        1346
         672        1346
         673        1346
         674        1346
         666        1347
         667        1347
         668        1347
         669        1347
         670        1347
         671        1347
         672        1347
         673        1347
         674        1347
         664        1348
         665        1348
         666        1348
         667        1348
         668        1348
         669        1348
         670        1348
         671        1348
         672        1348
         673        1348
         674        1348
         675        1348
         662        1349
         663        1349
         664        1349
         665        1349
         666        1349
         667        1349
         668        1349
         669        1349
         670        1349
         671        1349
         672        1349
         673        1349
         674        1349
         675        1349
         659        1350
         660        1350
         661        1350
         662        1350
         663        1350
         664        1350
         665        1350
         666        1350
         667        1350
         668        1350
         669        1350
         670        1350
         671        1350
         672        1350
         673        1350
         674        1350
         675        1350
         676        1350
         657        1351
         658        1351
         659        1351
         660        1351
         661        1351
         662        1351
         663        1351
         664        1351
         665        1351
         666        1351
         667        1351
         668        1351
         669        1351
         670        1351
         671        1351
         672        1351
         673        1351
         674        1351
         675        1351
         676        1351
         656        1352
         657        1352
         658        1352
         659        1352
         660        1352
         661        1352
         662        1352
         663        1352
         664        1352
         665        1352
         666        1352
         667        1352
         668        1352
         669        1352
         670        1352
         671        1352
         672        1352
         673        1352
         674        1352
         675        1352
         676        1352
         677        1352
         657        1353
         658        1353
         659        1353
         660        1353
         661        1353
         662        1353
         663        1353
         664        1353
         665        1353
         666        1353
         667        1353
         668        1353
         669        1353
         670        1353
         671        1353
         672        1353
         673        1353
         674        1353
         675        1353
         676        1353
         677        1353
         657        1354
         658        1354
         659        1354
         660        1354
         661        1354
         662        1354
         663        1354
         664        1354
         665        1354
         666        1354
         667        1354
         668        1354
         669        1354
         670        1354
         671        1354
         672        1354
         673        1354
         674        1354
         675        1354
         676        1354
         677        1354
         657        1355
         658        1355
         659        1355
         660        1355
         661        1355
         662        1355
         663        1355
         664        1355
         665        1355
         666        1355
         667        1355
         668        1355
         669        1355
         670        1355
         671        1355
         672        1355
         673        1355
         674        1355
         675        1355
         676        1355
         677        1355
         678        1355
         658        1356
         659        1356
         660        1356
         661        1356
         662        1356
         663        1356
         664        1356
         665        1356
         666        1356
         667        1356
         668        1356
         669        1356
         670        1356
         671        1356
         672        1356
         673        1356
         674        1356
         675        1356
         676        1356
         677        1356
         678        1356
         658        1357
         659        1357
         660        1357
         661        1357
         662        1357
         663        1357
         664        1357
         665        1357
         666        1357
         667        1357
         668        1357
         669        1357
         670        1357
         671        1357
         672        1357
         673        1357
         674        1357
         675        1357
         676        1357
         677        1357
         678        1357
         679        1357
         659        1358
         660        1358
         661        1358
         662        1358
         663        1358
         664        1358
         665        1358
         666        1358
         667        1358
         668        1358
         669        1358
         670        1358
         671        1358
         672        1358
         673        1358
         674        1358
         675        1358
         676        1358
         677        1358
         678        1358
         679        1358
         659        1359
         660        1359
         661        1359
         662        1359
         663        1359
         664        1359
         665        1359
         666        1359
         667        1359
         668        1359
         669        1359
         670        1359
         671        1359
         672        1359
         673        1359
         674        1359
         675        1359
         676        1359
         677        1359
         678        1359
         679        1359
         680        1359
         659        1360
         660        1360
         661        1360
         662        1360
         663        1360
         664        1360
         665        1360
         666        1360
         667        1360
         668        1360
         669        1360
         670        1360
         671        1360
         672        1360
         673        1360
         674        1360
         675        1360
         676        1360
         677        1360
         678        1360
         679        1360
         680        1360
         660        1361
         661        1361
         662        1361
         663        1361
         664        1361
         665        1361
         666        1361
         667        1361
         668        1361
         669        1361
         670        1361
         671        1361
         672        1361
         673        1361
         674        1361
         675        1361
         676        1361
         677        1361
         678        1361
         679        1361
         680        1361
         660        1362
         661        1362
         662        1362
         663        1362
         664        1362
         665        1362
         666        1362
         667        1362
         668        1362
         669        1362
         670        1362
         671        1362
         672        1362
         673        1362
         674        1362
         675        1362
         676        1362
         677        1362
         678        1362
         679        1362
         680        1362
         681        1362
         660        1363
         661        1363
         662        1363
         663        1363
         664        1363
         665        1363
         666        1363
         667        1363
         668        1363
         669        1363
         670        1363
         671        1363
         672        1363
         673        1363
         674        1363
         675        1363
         676        1363
         677        1363
         678        1363
         679        1363
         680        1363
         661        1364
         662        1364
         663        1364
         664        1364
         665        1364
         666        1364
         667        1364
         668        1364
         669        1364
         670        1364
         671        1364
         672        1364
         673        1364
         674        1364
         675        1364
         676        1364
         677        1364
         661        1365
         662        1365
         663        1365
         664        1365
         665        1365
         666        1365
         667        1365
         668        1365
         669        1365
         670        1365
         671        1365
         672        1365
         673        1365
         674        1365
         662        1366
         663        1366
         664        1366
         665        1366
         666        1366
         667        1366
         668        1366
         669        1366
         670        1366
         671        1366
         672        1366
         662        1367
         663        1367
         664        1367
         665        1367
         666        1367
         667        1367
         668        1367
         669        1367
         662        1368
         663        1368
         664        1368
         665        1368
         666        1368
         663        1369
