         921        1319
         918        1320
         919        1320
         920        1320
         921        1320
         922        1320
         916        1321
         917        1321
         918        1321
         919        1321
         920        1321
         921        1321
         922        1321
         913        1322
         914        1322
         915        1322
         916        1322
         917        1322
         918        1322
         919        1322
         920        1322
         921        1322
         922        1322
         923        1322
         910        1323
         911        1323
         912        1323
         913        1323
         914        1323
         915        1323
         916        1323
         917        1323
         918        1323
         919        1323
         920        1323
         921        1323
         922        1323
         923        1323
         908        1324
         909        1324
         910        1324
         911        1324
         912        1324
         913        1324
         914        1324
         915        1324
         916        1324
         917        1324
         918        1324
         919        1324
         920        1324
         921        1324
         922        1324
         923        1324
         905        1325
         906        1325
         907        1325
         908        1325
         909        1325
         910        1325
         911        1325
         912        1325
         913        1325
         914        1325
         915        1325
         916        1325
         917        1325
         918        1325
         919        1325
         920        1325
         921        1325
         922        1325
         923        1325
         924        1325
         904        1326
         905        1326
         906        1326
         907        1326
         908        1326
         909        1326
         910        1326
         911        1326
         912        1326
         913        1326
         914        1326
         915        1326
         916        1326
         917        1326
         918        1326
         919        1326
         920        1326
         921        1326
         922        1326
         923        1326
         924        1326
         905        1327
         906        1327
         907        1327
         908        1327
         909        1327
         910        1327
         911        1327
         912        1327
         913        1327
         914        1327
         915        1327
         916        1327
         917        1327
         918        1327
         919        1327
         920        1327
         921        1327
         922        1327
         923        1327
         924        1327
         925        1327
         905        1328
         906        1328
         907        1328
         908        1328
         909        1328
         910        1328
         911        1328
         912        1328
         913        1328
         914        1328
         915        1328
         916        1328
         917        1328
         918        1328
         919        1328
         920        1328
         921        1328
         922        1328
         923        1328
         924        1328
         925        1328
         905        1329
         906        1329
         907        1329
         908        1329
         909        1329
         910        1329
         911        1329
         912        1329
         913        1329
         914        1329
         915        1329
         916        1329
         917        1329
         918        1329
         919        1329
         920        1329
         921        1329
         922        1329
         923        1329
         924        1329
         925        1329
         926        1329
         906        1330
         907        1330
         908        1330
         909        1330
         910        1330
         911        1330
         912        1330
         913        1330
         914        1330
         915        1330
         916        1330
         917        1330
         918        1330
         919        1330
         920        1330
         921        1330
         922        1330
         923        1330
         924        1330
         925        1330
         926        1330
         906        1331
         907        1331
         908        1331
         909        1331
         910        1331
         911        1331
         912        1331
         913        1331
         914        1331
         915        1331
         916        1331
         917        1331
         918        1331
         919        1331
         920        1331
         921        1331
         922        1331
         923        1331
         924        1331
         925        1331
         926        1331
         927        1331
         906        1332
         907        1332
         908        1332
         909        1332
         910        1332
         911        1332
         912        1332
         913        1332
         914        1332
         915        1332
         916        1332
         917        1332
         918        1332
         919        1332
         920        1332
         921        1332
         922        1332
         923        1332
         924        1332
         925        1332
         926        1332
         927        1332
         907        1333
         908        1333
         909        1333
         910        1333
         911        1333
         912        1333
         913        1333
         914        1333
         915        1333
         916        1333
         917        1333
         918        1333
         919        1333
         920        1333
         921        1333
         922        1333
         923        1333
         924        1333
         925        1333
         926        1333
         927        1333
         907        1334
         908        1334
         909        1334
         910        1334
         911        1334
         912        1334
         913        1334
         914        1334
         915        1334
         916        1334
         917        1334
         918        1334
         919        1334
         920        1334
         921        1334
         922        1334
         923        1334
         924        1334
         925        1334
         926        1334
         927        1334
         928        1334
         907        1335
         908        1335
         909        1335
         910        1335
         911        1335
         912        1335
         913        1335
         914        1335
         915        1335
         916        1335
         917        1335
         918        1335
         919        1335
         920        1335
         921        1335
         922        1335
         923        1335
         924        1335
         925        1335
         926        1335
         927        1335
         928        1335
         908        1336
         909        1336
         910        1336
         911        1336
         912        1336
         913        1336
         914        1336
         915        1336
         916        1336
         917        1336
         918        1336
         919        1336
         920        1336
         921        1336
         922        1336
         923        1336
         924        1336
         925        1336
         926        1336
         927        1336
         928        1336
         929        1336
         908        1337
         909        1337
         910        1337
         911        1337
         912        1337
         913        1337
         914        1337
         915        1337
         916        1337
         917        1337
         918        1337
         919        1337
         920        1337
         921        1337
         922        1337
         923        1337
         924        1337
         925        1337
         926        1337
         927        1337
         928        1337
         909        1338
         910        1338
         911        1338
         912        1338
         913        1338
         914        1338
         915        1338
         916        1338
         917        1338
         918        1338
         919        1338
         920        1338
         921        1338
         922        1338
         923        1338
         924        1338
         925        1338
         909        1339
         910        1339
         911        1339
         912        1339
         913        1339
         914        1339
         915        1339
         916        1339
         917        1339
         918        1339
         919        1339
         920        1339
         921        1339
         922        1339
         923        1339
         909        1340
         910        1340
         911        1340
         912        1340
         913        1340
         914        1340
         915        1340
         916        1340
         917        1340
         918        1340
         919        1340
         920        1340
         921        1340
         910        1341
         911        1341
         912        1341
         913        1341
         914        1341
         915        1341
         916        1341
         917        1341
         918        1341
         910        1342
         911        1342
         912        1342
         913        1342
         914        1342
         915        1342
         916        1342
         910        1343
         911        1343
         912        1343
         913        1343
         914        1343
         911        1344
