         738        1650
         736        1651
         737        1651
         738        1651
         739        1651
         734        1652
         735        1652
         736        1652
         737        1652
         738        1652
         739        1652
         732        1653
         733        1653
         734        1653
         735        1653
         736        1653
         737        1653
         738        1653
         739        1653
         730        1654
         731        1654
         732        1654
         733        1654
         734        1654
         735        1654
         736        1654
         737        1654
         738        1654
         739        1654
         740        1654
         727        1655
         728        1655
         729        1655
         730        1655
         731        1655
         732        1655
         733        1655
         734        1655
         735        1655
         736        1655
         737        1655
         738        1655
         739        1655
         740        1655
         725        1656
         726        1656
         727        1656
         728        1656
         729        1656
         730        1656
         731        1656
         732        1656
         733        1656
         734        1656
         735        1656
         736        1656
         737        1656
         738        1656
         739        1656
         740        1656
         741        1656
         723        1657
         724        1657
         725        1657
         726        1657
         727        1657
         728        1657
         729        1657
         730        1657
         731        1657
         732        1657
         733        1657
         734        1657
         735        1657
         736        1657
         737        1657
         738        1657
         739        1657
         740        1657
         741        1657
         721        1658
         722        1658
         723        1658
         724        1658
         725        1658
         726        1658
         727        1658
         728        1658
         729        1658
         730        1658
         731        1658
         732        1658
         733        1658
         734        1658
         735        1658
         736        1658
         737        1658
         738        1658
         739        1658
         740        1658
         741        1658
         742        1658
         720        1659
         721        1659
         722        1659
         723        1659
         724        1659
         725        1659
         726        1659
         727        1659
         728        1659
         729        1659
         730        1659
         731        1659
         732        1659
         733        1659
         734        1659
         735        1659
         736        1659
         737        1659
         738        1659
         739        1659
         740        1659
         741        1659
         742        1659
         721        1660
         722        1660
         723        1660
         724        1660
         725        1660
         726        1660
         727        1660
         728        1660
         729        1660
         730        1660
         731        1660
         732        1660
         733        1660
         734        1660
         735        1660
         736        1660
         737        1660
         738        1660
         739        1660
         740        1660
         741        1660
         742        1660
         721        1661
         722        1661
         723        1661
         724        1661
         725        1661
         726        1661
         727        1661
         728        1661
         729        1661
         730        1661
         731        1661
         732        1661
         733        1661
         734        1661
         735        1661
         736        1661
         737        1661
         738        1661
         739        1661
         740        1661
         741        1661
         742        1661
         743        1661
         722        1662
         723        1662
         724        1662
         725        1662
         726        1662
         727        1662
         728        1662
         729        1662
         730        1662
         731        1662
         732        1662
         733        1662
         734        1662
         735        1662
         736        1662
         737        1662
         738        1662
         739        1662
         740        1662
         741        1662
         742        1662
         743        1662
         722        1663
         723        1663
         724        1663
         725        1663
         726        1663
         727        1663
         728        1663
         729        1663
         730        1663
         731        1663
         732        1663
         733        1663
         734        1663
         735        1663
         736        1663
         737        1663
         738        1663
         739        1663
         740        1663
         741        1663
         742        1663
         743        1663
         744        1663
         723        1664
         724        1664
         725        1664
         726        1664
         727        1664
         728        1664
         729        1664
         730        1664
         731        1664
         732        1664
         733        1664
         734        1664
         735        1664
         736        1664
         737        1664
         738        1664
         739        1664
         740        1664
         741        1664
         742        1664
         743        1664
         744        1664
         723        1665
         724        1665
         725        1665
         726        1665
         727        1665
         728        1665
         729        1665
         730        1665
         731        1665
         732        1665
         733        1665
         734        1665
         735        1665
         736        1665
         737        1665
         738        1665
         739        1665
         740        1665
         741        1665
         742        1665
         743        1665
         744        1665
         745        1665
         724        1666
         725        1666
         726        1666
         727        1666
         728        1666
         729        1666
         730        1666
         731        1666
         732        1666
         733        1666
         734        1666
         735        1666
         736        1666
         737        1666
         738        1666
         739        1666
         740        1666
         741        1666
         742        1666
         743        1666
         744        1666
         745        1666
         724        1667
         725        1667
         726        1667
         727        1667
         728        1667
         729        1667
         730        1667
         731        1667
         732        1667
         733        1667
         734        1667
         735        1667
         736        1667
         737        1667
         738        1667
         739        1667
         740        1667
         741        1667
         742        1667
         743        1667
         744        1667
         745        1667
         725        1668
         726        1668
         727        1668
         728        1668
         729        1668
         730        1668
         731        1668
         732        1668
         733        1668
         734        1668
         735        1668
         736        1668
         737        1668
         738        1668
         739        1668
         740        1668
         741        1668
         742        1668
         743        1668
         744        1668
         745        1668
         746        1668
         725        1669
         726        1669
         727        1669
         728        1669
         729        1669
         730        1669
         731        1669
         732        1669
         733        1669
         734        1669
         735        1669
         736        1669
         737        1669
         738        1669
         739        1669
         740        1669
         741        1669
         742        1669
         743        1669
         744        1669
         745        1669
         726        1670
         727        1670
         728        1670
         729        1670
         730        1670
         731        1670
         732        1670
         733        1670
         734        1670
         735        1670
         736        1670
         737        1670
         738        1670
         739        1670
         740        1670
         741        1670
         742        1670
         743        1670
         726        1671
         727        1671
         728        1671
         729        1671
         730        1671
         731        1671
         732        1671
         733        1671
         734        1671
         735        1671
         736        1671
         737        1671
         738        1671
         739        1671
         740        1671
         727        1672
         728        1672
         729        1672
         730        1672
         731        1672
         732        1672
         733        1672
         734        1672
         735        1672
         736        1672
         737        1672
         738        1672
         727        1673
         728        1673
         729        1673
         730        1673
         731        1673
         732        1673
         733        1673
         734        1673
         735        1673
         736        1673
         728        1674
         729        1674
         730        1674
         731        1674
         732        1674
         733        1674
         734        1674
         728        1675
         729        1675
         730        1675
         731        1675
         729        1676
